0;0;0;2;24.99807;{};[]
0.0;0;0;2;22.637021;{};['type', 'breed']
0;0;0;2;23.376486;{};[]
0;0;0;2;24.549497;{};[]
0.0;0;0;2;21.350782;{};['type', 'breed']
0;0;0;2;24.378555;{};[]
0.0;0;0;2;22.792083;{};['type', 'breed']
0.0;0;0;2;22.821769;{};['type', 'breed']
0.0;0;0;2;21.591085;{};['type', 'breed']
0.0;0;0;2;23.021884;{};['type', 'breed']
0;0;0;2;21.158836;{};[]
0.0;0;0;2;23.104125;{};['type', 'breed']
0.0;0;0;2;22.537834;{};['type', 'breed']
0.0;0;0;2;23.194955;{};['type', 'breed']
0.0;0;0;2;23.03821;{};['type', 'breed']
0;0;0;2;24.029668;{};[]
0.0;0;0;2;21.058419;{};['type', 'breed']
0.0;0;0;2;21.001998;{};['type', 'breed']
0;0;0;2;21.745496;{};[]
0.0;0;0;2;23.109328;{};['type', 'breed']
0;0;0;2;23.265421;{};[]
0.0;0;0;2;22.923734;{};['type', 'breed']
0;0;0;2;21.538463;{};[]
0.0;0;0;2;23.486024;{};['type', 'breed']
0;0;0;2;23.579069;{};[]
0;0;0;2;22.504171;{};[]
0;0;0;2;23.619078;{};[]
0;0;0;2;23.303021;{};[]
0.0;0;0;2;22.393927;{};['type', 'breed']
0;0;0;2;23.932092;{};[]
0.0;0;0;2;23.226119;{};['type', 'breed']
0;0;0;2;22.462074;{};[]
