0;0;0;1;11.594316;{};[]
1.0;1;0;0;3.402078;{};[]
1.0;1;0;0;3.293603;{};[]
0.0;0;1;0;3.368495;{'type': 'crane'};[]
0;0;0;1;3.864986;{};[]
1.0;1;0;0;3.39881;{};[]
0.0;0;1;0;3.413988;{'type': 'squirrel'};[]
1.0;1;0;0;3.295522;{};[]
1.0;1;0;0;3.43463;{};[]
1.0;1;0;0;3.387313;{};[]
1.0;1;0;0;3.32229;{};[]
1.0;1;0;0;3.403319;{};[]
0.0;0;1;0;3.382662;{'type': 'house'};[]
1.0;1;0;0;3.302103;{};[]
1.0;1;0;0;3.417851;{};[]
1.0;1;0;0;3.385902;{};[]
1.0;1;0;0;3.2893;{};[]
1.0;1;0;0;3.36942;{};[]
1.0;1;0;0;3.288906;{};[]
0.0;0;1;0;3.389532;{'type': 'squirrel'};[]
0;0;0;1;3.876677;{};[]
0.0;0;1;0;3.303424;{'type': 'person'};[]
0.0;0;1;0;3.400572;{'type': 'watch'};[]
1.0;1;0;0;3.307772;{};[]
0.0;0;1;0;3.398699;{'type': 'cat'};[]
0.0;0;1;0;3.413379;{'type': 'moose'};[]
0.0;0;1;0;3.339772;{'type': 'excavator'};[]
0.0;0;1;0;3.401865;{'type': 'arrow'};[]
0.0;0;1;0;3.38528;{'type': 'pen'};[]
0.0;0;1;0;3.324888;{'type': 'clock tower'};[]
0.0;0;1;0;3.398733;{'type': 'truck'};[]
0.0;0;1;0;3.418738;{'type': 'coin'};[]
1.0;1;0;0;3.292501;{};[]
0.0;0;1;0;3.41478;{'type': 'bird'};[]
0;0;0;1;3.633121;{};[]
0.0;0;1;0;3.368983;{'type': 'cow'};[]
1.0;1;0;0;3.294362;{};[]
1.0;1;0;0;3.414605;{};[]
0.0;0;1;0;3.38529;{'type': 'squirrel'};[]
0.0;0;1;0;3.293603;{'type': 'cat'};[]
0.0;0;1;0;3.366249;{'type': 'stork'};[]
0.0;0;1;0;3.340373;{'type': 'bison'};[]
1.0;1;0;0;3.291551;{};[]
1.0;1;0;0;3.400731;{};[]
1.0;1;0;0;3.31923;{};[]
0.0;0;1;0;3.414546;{'type': 'van'};[]
0.0;0;1;0;3.387601;{'type': 'duck'};[]
0.0;0;1;0;3.287496;{'type': 'dog'};[]
1.0;1;0;0;3.352392;{};[]
1.0;1;0;0;3.295872;{};[]
1.0;1;0;0;3.410808;{};[]
0.0;0;1;0;3.384875;{'type': 'chair'};[]
0.0;0;1;0;3.289232;{'type': 'spider'};[]
1.0;1;0;0;3.417403;{};[]
1.0;1;0;0;3.417399;{};[]
0.0;0;1;0;3.321533;{'type': 'meerkat'};[]
0.0;0;1;0;3.433552;{'type': 'cat'};[]
0.0;0;1;0;3.402879;{'type': 'car'};[]
0.0;0;1;0;3.290348;{'type': 'camel'};[]
1.0;1;0;0;3.413282;{};[]
1.0;1;0;0;3.384849;{};[]
0.0;0;1;0;3.322163;{'type': 'fire truck'};[]
1.0;1;0;0;3.417499;{};[]
1.0;1;0;0;3.39902;{};[]
0.0;0;1;0;3.321536;{'type': 'peacock'};[]
1.0;1;0;0;3.417125;{};[]
1.0;1;0;0;3.387353;{};[]
0.0;0;1;0;3.323516;{'type': 'moose'};[]
0.0;0;1;0;3.438566;{'type': 'car'};[]
1.0;1;0;0;3.385025;{};[]
0.0;0;1;0;3.323613;{'type': 'peacock'};[]
1.0;1;0;0;3.414217;{};[]
1.0;1;0;0;3.398918;{};[]
0.0;0;1;0;3.289281;{'type': 'car'};[]
0.0;0;1;0;3.338636;{'type': 'cat'};[]
1.0;1;0;0;3.307317;{};[]
0.0;0;1;0;3.383787;{'type': 'squirrel'};[]
1.0;1;0;0;3.385945;{};[]
1.0;1;0;0;3.32367;{};[]
0.0;0;1;0;3.428535;{'type': 'jet fighter'};[]
0.0;0;1;0;3.384245;{'type': 'rabbit'};[]
1.0;1;0;0;3.290242;{};[]
1.0;1;0;0;3.417066;{};[]
0;0;0;1;4.007106;{};[]
0.0;0;1;0;3.306634;{'type': 'bird'};[]
1.0;1;0;0;3.352707;{};[]
1.0;1;0;0;3.279533;{};[]
1.0;1;0;0;3.385383;{};[]
0.0;0;1;0;3.400578;{'type': 'person'};[]
1.0;1;0;0;3.295566;{};[]
1.0;1;0;0;3.431401;{};[]
0.0;0;1;0;3.414641;{'type': 'fire truck'};[]
1.0;1;0;0;3.29304;{};[]
0.0;0;1;0;3.42939;{'type': 'giraffe'};[]
1.0;1;0;0;3.386255;{};[]
1.0;1;0;0;3.309439;{};[]
0.0;0;1;0;3.413802;{'type': 'airplane'};[]
1.0;1;0;0;3.384507;{};[]
1.0;1;0;0;3.282086;{};[]
0;0;0;1;4.005158;{};[]
1.0;1;0;0;3.306562;{};[]
0.0;0;1;0;3.307435;{'type': 'house'};[]
0;0;0;1;3.634613;{};[]
