1.0;1;0;0;36.847113;{};[]
1.0;1;0;0;26.229891;{};[]
1.0;1;0;0;26.356189;{};[]
1.0;1;0;0;26.633151;{};[]
1.0;1;0;0;26.591329;{};[]
1.0;1;0;0;26.279167;{};[]
1.0;1;0;0;26.033151;{};[]
0.0;0;1;0;27.44055;{'type': 'horse rider'};[]
1.0;1;0;0;26.69589;{};[]
1.0;1;0;0;26.758157;{};[]
0.0;0;1;0;26.596375;{'type': 'tractor'};[]
0.0;0;1;0;25.96133;{'type': 'airplane'};[]
0.0;0;1;0;25.936713;{'type': 'people and building'};[]
1.0;1;0;0;26.383694;{};[]
1.0;1;0;0;26.38955;{};[]
0.0;0;1;0;26.310587;{'type': 'excavator'};[]
0.0;0;1;0;26.093382;{'type': 'figurine'};[]
1.0;1;0;0;25.718742;{};[]
1.0;1;0;0;26.183287;{};[]
0.0;0;1;0;26.370587;{'type': 'squirrel'};[]
0.0;0;1;0;26.72467;{'type': 'rat'};[]
0.0;0;1;0;25.935659;{'type': 'person'};[]
0.0;0;1;0;26.174023;{'type': 'caterpillar'};[]
1.0;1;0;0;26.418769;{};[]
1.0;1;0;0;26.228655;{};[]
1.0;1;0;0;25.907324;{};[]
0.0;0;1;0;25.997752;{'type': 'tank'};[]
0.0;0;1;0;26.061651;{'type': 'jet ski'};[]
0.0;0;1;0;25.909679;{'type': 'lighter'};[]
0.0;0;1;0;26.350326;{'type': 'television'};[]
1.0;1;0;0;26.186185;{};[]
0.0;0;1;0;25.924088;{'type': 'mushroom'};[]
1.0;1;0;0;26.002413;{};[]
0.0;0;1;0;26.03065;{'type': 'bird'};[]
1.0;1;0;0;25.735633;{};[]
0.0;0;1;0;26.386596;{'type': 'cow'};[]
1.0;1;0;0;26.373688;{};[]
0.0;0;1;0;25.798506;{'type': 'table'};[]
1.0;1;0;0;25.919915;{};[]
0.0;0;1;0;25.820394;{'type': 'cat'};[]
1.0;1;0;0;25.800019;{};[]
0.0;0;1;0;26.62001;{'type': 'bison'};[]
1.0;1;0;0;26.311074;{};[]
1.0;1;0;0;26.354543;{};[]
1.0;1;0;0;26.139258;{};[]
1.0;1;0;0;26.046289;{};[]
0.0;0;1;0;27.379436;{'type': 'duck'};[]
0.0;0;1;0;26.343546;{'type': 'dog'};[]
1.0;1;0;0;26.371024;{};[]
1.0;1;0;0;25.954831;{};[]
0.0;0;1;0;26.00027;{'type': 'train'};[]
0.0;0;1;0;25.766055;{'type': 'chair'};[]
0.0;0;1;0;26.025715;{'type': 'spider'};[]
1.0;1;0;0;26.339708;{};[]
1.0;1;0;0;26.355889;{};[]
0.0;0;1;0;26.048191;{'type': 'ferret'};[]
0.0;0;1;0;26.094792;{'type': 'cat'};[]
0.0;0;1;0;25.987394;{'type': 'airplane'};[]
1.0;1;0;0;25.980947;{};[]
1.0;1;0;0;26.373035;{};[]
1.0;1;0;0;26.370865;{};[]
1.0;1;0;0;25.9859;{};[]
1.0;1;0;0;25.96796;{};[]
1.0;1;0;0;25.798486;{};[]
1.0;1;0;0;25.953464;{};[]
1.0;1;0;0;26.382165;{};[]
1.0;1;0;0;26.389969;{};[]
0.0;0;1;0;26.06296;{'type': 'moose'};[]
0.0;0;1;0;26.122981;{'type': 'sofa'};[]
1.0;1;0;0;25.765617;{};[]
0.0;0;1;0;26.062371;{'type': 'peacock'};[]
1.0;1;0;0;26.418469;{};[]
1.0;1;0;0;26.406072;{};[]
0.0;0;1;0;25.998053;{'type': 'car'};[]
0.0;0;1;0;25.924702;{'type': 'dog'};[]
0.0;0;1;0;25.999466;{'type': 'deer'};[]
0.0;0;1;0;25.91064;{'type': 'mole'};[]
1.0;1;0;0;26.433808;{};[]
0.0;0;1;0;26.792595;{'type': 'vehicle'};[]
1.0;1;0;0;25.958247;{};[]
0.0;0;1;0;25.968774;{'type': 'dog'};[]
1.0;1;0;0;26.185565;{};[]
0.0;0;1;0;25.864225;{'type': 'sports car'};[]
1.0;1;0;0;26.435312;{};[]
0.0;0;1;0;26.38702;{'type': 'cat'};[]
1.0;1;0;0;26.187842;{};[]
1.0;1;0;0;25.985192;{};[]
1.0;1;0;0;25.967596;{};[]
1.0;1;0;0;26.004822;{};[]
1.0;1;0;0;26.51137;{};[]
1.0;1;0;0;26.203698;{};[]
0.0;0;1;0;26.090595;{'type': 'fire truck'};[]
1.0;1;0;0;25.877598;{};[]
0.0;0;1;0;26.093582;{'type': 'giraffe'};[]
0.0;0;1;0;26.046857;{'type': 'cat'};[]
1.0;1;0;0;26.342102;{};[]
0.0;0;1;0;26.396331;{'type': 'lobster'};[]
1.0;1;0;0;25.95571;{};[]
1.0;1;0;0;26.001859;{};[]
0.0;0;1;0;26.043636;{'type': 'lizard'};[]
1.0;1;0;0;25.955033;{};[]
0.0;0;1;0;26.325112;{'type': 'bus'};[]
1.0;1;0;0;26.389955;{};[]
