0.5;1;0;1;68.4956;{};['breed']
0.5;1;0;1;60.968341;{};['breed']
0.5;1;0;1;60.786476;{};['breed']
0.5;1;0;1;60.061397;{};['breed']
0.5;1;0;1;60.343717;{};['breed']
0.5;1;0;1;59.584547;{};['breed']
0.5;1;0;1;60.142223;{};['breed']
0.5;1;0;1;60.965413;{};['breed']
0.5;1;0;1;60.494624;{};['breed']
0.5;1;0;1;60.830195;{};['breed']
0.5;1;0;1;61.089542;{};['breed']
0.5;1;0;1;61.034183;{};['breed']
0.5;1;0;1;60.65203;{};['breed']
0.5;1;0;1;60.959425;{};['breed']
0.5;1;0;1;59.775446;{};['breed']
0.5;1;0;1;60.681113;{};['breed']
0.5;1;0;1;61.332396;{};['breed']
0.5;1;0;1;60.650755;{};['breed']
0.5;1;0;1;60.336179;{};['breed']
0.5;1;0;1;59.827452;{};['breed']
0.5;1;0;1;61.160314;{};['breed']
0.5;1;0;1;59.971644;{};['breed']
0.5;1;0;1;60.359877;{};['breed']
0.5;1;0;1;61.268117;{};['breed']
0.5;1;0;1;60.802562;{};['breed']
0.5;1;0;1;60.912503;{};['breed']
0.5;1;0;1;61.065116;{};['breed']
0.5;1;0;1;60.284885;{};['breed']
0.5;1;0;1;60.250232;{};['breed']
0.5;1;0;1;60.536877;{};['breed']
0.5;1;0;1;60.810137;{};['breed']
0.5;1;0;1;61.094826;{};['breed']
