1.0;1;0;0;5.491732;{};[]
1.0;1;0;0;3.027362;{};[]
1.0;1;0;0;3.103761;{};[]
1.0;1;0;0;3.032952;{};[]
1.0;1;0;0;3.000305;{};[]
1.0;1;0;0;3.029818;{};[]
0.0;0;1;0;2.99681;{'type': 'car'};[]
1.0;1;0;0;3.031588;{};[]
1.0;1;0;0;3.028363;{};[]
1.0;1;0;0;3.091017;{};[]
1.0;1;0;0;3.061778;{};[]
1.0;1;0;0;3.1355;{};[]
0.0;0;1;0;2.998501;{'type': 'house'};[]
1.0;1;0;0;2.997459;{};[]
1.0;1;0;0;2.997606;{};[]
0.0;0;1;0;3.02777;{'type': 'excavator'};[]
1.0;1;0;0;2.997452;{};[]
1.0;1;0;0;3.029255;{};[]
1.0;1;0;0;2.997034;{};[]
0.0;0;1;0;3.011987;{'type': 'squirrel'};[]
0.0;0;1;0;3.093699;{'type': 'dog'};[]
0.0;0;1;0;3.090522;{'type': 'character'};[]
0.0;0;1;0;3.104153;{'type': 'watch'};[]
1.0;1;0;0;3.031035;{};[]
0.0;0;1;0;3.027255;{'type': 'shark'};[]
0.0;0;1;0;3.026047;{'type': 'moose'};[]
0.0;0;1;0;3.028831;{'type': 'crane'};[]
0.0;0;1;0;2.998058;{'type': 'helmet'};[]
0.0;0;1;0;3.117873;{'type': 'toy airplane'};[]
0.0;0;1;0;3.060709;{'type': 'plane'};[]
0.0;0;1;0;3.108724;{'type': 'truck'};[]
0.0;0;1;0;3.01632;{'type': 'light bulb'};[]
1.0;1;0;0;3.03301;{};[]
0.0;0;1;0;2.999323;{'type': 'bird'};[]
1.0;1;0;0;3.027913;{};[]
0.0;0;1;0;3.000191;{'type': 'cow'};[]
0.0;0;1;0;2.999389;{'type': 'ball'};[]
1.0;1;0;0;3.024484;{};[]
1.0;1;0;0;3.090895;{};[]
0.0;0;1;0;3.091684;{'type': 'cat'};[]
0.0;0;1;0;3.138318;{'type': 'flagpole'};[]
0.0;0;1;0;2.998792;{'type': 'buffalo'};[]
1.0;1;0;0;3.013346;{};[]
1.0;1;0;0;3.029698;{};[]
1.0;1;0;0;3.002461;{};[]
0.0;0;1;0;2.985683;{'type': 'van'};[]
0.0;0;1;0;3.014882;{'type': 'duck'};[]
0.0;0;1;0;3.020948;{'type': 'dog'};[]
1.0;1;0;0;3.093074;{};[]
0.0;0;1;0;3.121275;{'type': 'f6f-5 hellcat'};[]
0.0;0;1;0;3.104851;{'type': 'racecar'};[]
0.0;0;1;0;3.027489;{'type': 'chair'};[]
0.0;0;1;0;2.997644;{'type': 'spider'};[]
1.0;1;0;0;3.015407;{};[]
1.0;1;0;0;3.014431;{};[]
0.0;0;1;0;3.030051;{'type': 'meerkat'};[]
0.0;0;1;0;3.093639;{'type': 'cat'};[]
0.0;0;1;0;3.086794;{'type': 'snake'};[]
0.0;0;1;0;3.122626;{'type': 'gazelle'};[]
1.0;1;0;0;3.000113;{};[]
1.0;1;0;0;2.996239;{};[]
0.0;0;1;0;3.029932;{'type': 'ambulance'};[]
1.0;1;0;0;3.015573;{};[]
1.0;1;0;0;3.030052;{};[]
0.0;0;1;0;3.011908;{'type': 'parrot'};[]
1.0;1;0;0;3.122649;{};[]
0.0;0;1;0;3.05907;{'type': 'police car'};[]
0.0;0;1;0;3.138644;{'type': 'moose'};[]
0.0;0;1;0;3.016055;{'type': 'car'};[]
1.0;1;0;0;3.000736;{};[]
0.0;0;1;0;3.031595;{'type': 'peacock statue'};[]
1.0;1;0;0;3.001153;{};[]
1.0;1;0;0;3.031191;{};[]
0.0;0;1;0;2.99709;{'type': 'building'};[]
0.0;0;1;0;3.091175;{'type': 'emu'};[]
1.0;1;0;0;3.077858;{};[]
0.0;0;1;0;3.137373;{'type': 'rabbit'};[]
1.0;1;0;0;3.012667;{};[]
0.0;0;1;0;3.011281;{'type': 'ambulance'};[]
0.0;0;1;0;3.027919;{'type': 'jet fighter'};[]
0.0;0;1;0;3.01377;{'type': 'rabbit'};[]
1.0;1;0;0;3.011434;{};[]
0.0;0;1;0;3.044908;{'type': 'sports compact'};[]
1.0;1;0;0;3.091722;{};[]
0.0;0;1;0;3.088997;{'type': 'bear'};[]
1.0;1;0;0;3.108226;{};[]
1.0;1;0;0;3.014781;{};[]
1.0;1;0;0;2.995698;{};[]
1.0;1;0;0;3.012373;{};[]
1.0;1;0;0;3.027249;{};[]
1.0;1;0;0;3.000505;{};[]
0.0;0;1;0;3.030083;{'type': 'fire truck'};[]
1.0;1;0;0;3.09122;{};[]
0.0;0;1;0;3.065517;{'type': 'elephant'};[]
0.0;0;1;0;3.149023;{'type': 'cat'};[]
1.0;1;0;0;3.028293;{};[]
0.0;0;1;0;2.998096;{'type': 'octopus'};[]
1.0;1;0;0;2.987514;{};[]
1.0;1;0;0;3.017365;{};[]
1.0;1;0;0;3.030385;{};[]
0.0;0;1;0;3.032824;{'type': 'pickup truck'};[]
0.0;0;1;0;3.120622;{'type': 'truck'};[]
1.0;1;0;0;3.088809;{};[]
