0.0;0;1;0;38.882477;{'type': 'image - fireball'};[]
1.0;1;0;0;11.307878;{};[]
0.0;0;1;0;12.556833;{'type': 'image'};[]
1.0;1;0;0;9.255282;{};[]
1.0;1;0;0;7.152232;{};[]
0.0;0;1;0;16.341301;{'type': 'vehicle'};[]
0.0;0;1;0;7.891659;{'type': 'tree with leaves and branches'};[]
1.0;1;0;0;7.164817;{};[]
1.0;1;0;0;7.163538;{};[]
0.0;0;1;0;9.895367;{'type': 'bird perched on a birdhouse with multiple images showing its color and pattern variations'};[]
0.0;0;1;0;7.19818;{'type': 'train'};[]
1.0;1;0;0;8.95973;{};[]
0.0;0;1;0;7.164509;{'type': 'image'};[]
1.0;1;0;0;6.298086;{};[]
1.0;1;0;0;7.349565;{};[]
1.0;1;0;0;7.336579;{};[]
0.0;0;1;0;7.352671;{'type': 'statue'};[]
1.0;1;0;0;13.070154;{};[]
1.0;1;0;0;7.151819;{};[]
1.0;1;0;0;7.337544;{};[]
0.0;0;1;0;8.655143;{'type': 'animal (specifically, a baby bird)'};[]
1.0;1;0;0;11.709859;{};[]
0.0;0;1;0;7.710873;{'type': 'insect larva'};[]
0.0;0;1;0;23.128417;{'type': 'image'};[]
1.0;1;0;0;17.548266;{};[]
0.0;0;1;0;7.319616;{'type': 'moose'};[]
0.0;0;1;0;8.227349;{'type': 'truck loading a cargo'};[]
0.0;0;1;0;7.880778;{'type': 'aircraft model kit parts'};[]
0.0;0;1;0;7.539448;{'type': 'toy airplane'};[]
1.0;1;0;0;7.334549;{};[]
1.0;1;0;0;7.150463;{};[]
1.0;1;0;0;7.178119;{};[]
0.0;0;1;0;7.350113;{'type': 'moose'};[]
1.0;1;0;0;7.323207;{};[]
1.0;1;0;0;6.28482;{};[]
0.0;0;1;0;10.205554;{'type': 'animals'};[]
1.0;1;0;0;7.151079;{};[]
0.0;0;1;0;7.335746;{'type': 'animal'};[]
1.0;1;0;0;7.164686;{};[]
1.0;1;0;0;6.111611;{};[]
0.0;0;1;0;15.024222;{'type': 'ostrich'};[]
1.0;1;0;0;7.165175;{};[]
1.0;1;0;0;7.136092;{};[]
1.0;1;0;0;7.165241;{};[]
1.0;1;0;0;9.119135;{};[]
1.0;1;0;0;7.152428;{};[]
1.0;1;0;0;12.330345;{};[]
0.0;0;1;0;7.335004;{'type': 'duck'};[]
1.0;1;0;0;7.134041;{};[]
1.0;1;0;0;7.353117;{};[]
1.0;1;0;0;7.349866;{};[]
0.0;0;1;0;18.172598;{'type': 'image'};[]
0.0;0;1;0;12.3842;{'type': 'horses'};[]
1.0;1;0;0;6.28549;{};[]
1.0;1;0;0;6.124945;{};[]
1.0;1;0;0;9.505099;{};[]
0.0;0;1;0;8.05295;{'type': 'animal, likely a dog'};[]
1.0;1;0;0;12.931096;{};[]
0.0;0;1;0;7.658151;{'type': 'rhinoceros'};[]
0.0;0;1;0;7.366583;{'type': 'red car'};[]
0.0;0;1;0;16.913322;{'type': 'image'};[]
0.0;0;1;0;8.435413;{'type': 'emergency vehicle, specifically an ambulance'};[]
1.0;1;0;0;7.149965;{};[]
1.0;1;0;0;6.295687;{};[]
1.0;1;0;0;7.33555;{};[]
1.0;1;0;0;7.150307;{};[]
1.0;1;0;0;7.212343;{};[]
0.0;0;1;0;9.102169;{'type': 'animal'};[]
0.0;0;1;0;8.250985;{'type': 'vehicle, specifically a tractor with a trailer attached to its rear hitch'};[]
1.0;1;0;0;7.153793;{};[]
1.0;1;0;0;7.338667;{};[]
1.0;1;0;0;9.288157;{};[]
1.0;1;0;0;7.163985;{};[]
0.0;0;1;0;9.304811;{'type': 'vehicle'};[]
0.0;0;1;0;7.149174;{'type': 'rock'};[]
1.0;1;0;0;9.693033;{};[]
1.0;1;0;0;6.298114;{};[]
1.0;1;0;0;9.336303;{};[]
0.0;0;1;0;7.350318;{'type': 'trailer'};[]
1.0;1;0;0;7.168799;{};[]
1.0;1;0;0;7.166037;{};[]
1.0;1;0;0;7.161439;{};[]
1.0;1;0;0;6.300001;{};[]
1.0;1;0;0;7.167374;{};[]
1.0;1;0;0;7.168122;{};[]
0.0;0;1;0;7.325604;{'type': 'animal'};[]
0.0;0;1;0;8.932116;{'type': 'pet'};[]
1.0;1;0;0;8.902709;{};[]
1.0;1;0;0;7.339204;{};[]
0.0;0;1;0;7.336354;{'type': 'camel'};[]
1.0;1;0;0;11.319964;{};[]
0.0;0;1;0;12.72887;{'type': 'fire truck'};[]
1.0;1;0;0;9.302368;{};[]
0.0;0;1;0;7.335163;{'type': 'bear'};[]
1.0;1;0;0;7.321037;{};[]
0.0;0;1;0;22.184837;{'type': 'image'};[]
0.0;0;1;0;7.880658;{'type': 'inflatable tube ride'};[]
1.0;1;0;0;16.934118;{};[]
1.0;1;0;0;12.170687;{};[]
1.0;1;0;0;7.336147;{};[]
1.0;1;0;0;9.429701;{};[]
1.0;1;0;0;9.523937;{};[]
0.0;0;1;0;9.491243;{'type': 'animal'};[]
