0.5;1;0;1;27.400802;{};['breed']
0.5;1;0;1;23.485372;{};['breed']
0.5;1;0;1;23.176869;{};['breed']
0.0;0;1;1;23.540697;{'type': 'feline'};['breed']
0.5;1;0;1;23.080728;{};['breed']
0.5;1;0;1;23.098729;{};['breed']
0.5;1;0;1;22.956397;{};['breed']
0.5;1;0;1;24.167622;{};['breed']
0.5;1;0;1;23.561467;{};['breed']
0.5;1;0;1;23.778897;{};['breed']
0.5;1;0;1;23.48271;{};['breed']
0.5;1;0;1;22.623047;{};['breed']
0.5;1;0;1;23.195222;{};['breed']
0.5;1;0;1;23.557295;{};['breed']
0.5;1;0;1;23.316555;{};['breed']
0.5;1;0;1;23.245368;{};['breed']
0.5;1;0;1;23.916564;{};['breed']
0.5;1;0;1;23.687391;{};['breed']
0.5;1;0;1;23.040316;{};['breed']
0.5;1;0;1;22.922835;{};['breed']
0.5;1;0;1;22.88522;{};['breed']
0.0;0;1;1;22.952197;{'type': 'canine'};['breed']
0.5;1;0;1;23.185997;{};['breed']
0.5;1;0;1;23.659244;{};['breed']
0.5;1;0;1;23.275206;{};['breed']
0.5;1;0;1;23.368624;{};['breed']
0.5;1;0;1;23.705701;{};['breed']
0.5;1;0;1;23.72306;{};['breed']
0.5;1;0;1;23.36113;{};['breed']
0.5;1;0;1;23.430359;{};['breed']
0.5;1;0;1;23.282408;{};['breed']
0.5;1;0;1;23.058521;{};['breed']
