0.5;1;0;1;111.773934;{};['breed']
0.5;1;0;1;97.575803;{};['breed']
0.5;1;0;1;94.231385;{};['breed']
0.5;1;0;1;98.686386;{};['breed']
0.5;1;0;1;97.827981;{};['breed']
0.5;1;0;1;96.300526;{};['breed']
0.5;1;0;1;94.007721;{};['breed']
0.5;1;0;1;97.389421;{};['breed']
0.5;1;0;1;97.470848;{};['breed']
0.5;1;0;1;94.142975;{};['breed']
0.5;1;0;1;94.035121;{};['breed']
0.5;1;0;1;93.84141;{};['breed']
0.5;1;0;1;96.70362;{};['breed']
0.5;1;0;1;97.036446;{};['breed']
0.5;1;0;1;97.199019;{};['breed']
0.5;1;0;1;95.296892;{};['breed']
0.5;1;0;1;95.677187;{};['breed']
0.5;1;0;1;96.084062;{};['breed']
0.5;1;0;1;96.486648;{};['breed']
0.5;1;0;1;96.133493;{};['breed']
0.5;1;0;1;85.759656;{};['breed']
0.5;1;0;1;83.175361;{};['breed']
0.5;1;0;1;82.826945;{};['breed']
0.5;1;0;1;83.176591;{};['breed']
0.5;1;0;1;91.293793;{};['breed']
0.5;1;0;1;92.252348;{};['breed']
0.5;1;0;1;92.869749;{};['breed']
0.5;1;0;1;90.639024;{};['breed']
0.5;1;0;1;93.54176;{};['breed']
0.5;1;0;1;92.785685;{};['breed']
0.5;1;0;1;90.893758;{};['breed']
0.5;1;0;1;93.099815;{};['breed']
