0.0;0;1;0;11.350083;{'type': 'image'};[]
1.0;1;0;0;2.72034;{};[]
0.0;0;1;0;5.138489;{'type': 'image'};[]
0.0;0;1;0;2.854293;{'type': 'image/jpeg'};[]
0.0;0;1;0;3.048463;{'type': 'animal'};[]
0.0;0;1;0;3.633087;{'type': 'vehicles'};[]
0.0;0;1;0;2.855028;{'type': 'animal'};[]
1.0;1;0;0;2.840811;{};[]
1.0;1;0;0;2.841439;{};[]
1.0;1;0;0;3.074608;{};[]
1.0;1;0;0;2.845363;{};[]
0.0;0;1;0;2.869166;{'type': 'trailer'};[]
1.0;1;0;0;2.870073;{};[]
0.0;0;1;0;3.057819;{'type': 'animal'};[]
1.0;1;0;0;2.703444;{};[]
0.0;0;1;0;3.134645;{'type': 'vehicle'};[]
0.0;0;1;0;2.8251;{'type': 'statue'};[]
0.0;0;1;0;3.230435;{'type': 'image'};[]
1.0;1;0;0;2.703634;{};[]
1.0;1;0;0;2.656565;{};[]
0.0;0;1;0;2.874538;{'type': 'mammal'};[]
1.0;1;0;0;3.073341;{};[]
0.0;0;1;0;3.042483;{'type': 'insect'};[]
1.0;1;0;0;2.746075;{};[]
1.0;1;0;0;3.012543;{};[]
0.0;0;1;0;2.825676;{'type': 'moose'};[]
0.0;0;1;0;2.875799;{'type': 'construction equipment'};[]
0.0;0;1;0;3.09184;{'type': 'figurine'};[]
0.0;0;1;0;3.057275;{'type': 'aircraft model'};[]
0.0;0;1;0;2.889062;{'type': 'semi-truck'};[]
1.0;1;0;0;3.061982;{};[]
1.0;1;0;0;2.813732;{};[]
0.0;0;1;0;3.28852;{'type': 'image'};[]
1.0;1;0;0;3.088893;{};[]
1.0;1;0;0;2.856184;{};[]
0.0;0;1;0;3.061183;{'type': 'equine'};[]
1.0;1;0;0;2.855803;{};[]
0.0;0;1;0;3.229986;{'type': 'animal'};[]
1.0;1;0;0;2.826165;{};[]
0.0;0;1;0;3.074607;{'type': 'animal'};[]
0.0;0;1;0;3.105275;{'type': 'animal'};[]
1.0;1;0;0;2.917551;{};[]
1.0;1;0;0;2.825321;{};[]
0;0;0;1;7.556432;{};[]
1.0;1;0;0;2.980346;{};[]
1.0;1;0;0;2.827522;{};[]
1.0;1;0;0;2.808342;{};[]
1.0;1;0;0;2.731425;{};[]
1.0;1;0;0;3.121565;{};[]
1.0;1;0;0;3.180815;{};[]
1.0;1;0;0;2.827647;{};[]
0.0;0;1;0;3.169296;{'type': 'image'};[]
0;0;0;1;3.243388;{};[]
0.0;0;1;0;2.880915;{'type': 'trucks'};[]
1.0;1;0;0;3.493778;{};[]
1.0;1;0;0;2.827471;{};[]
0.0;0;1;0;2.979586;{'type': 'image'};[]
1.0;1;0;0;2.810614;{};[]
0.0;0;1;0;2.905215;{'type': 'zebra'};[]
1.0;1;0;0;3.04222;{};[]
0.0;0;0;1;2.887878;{};['type']
0.0;0;1;0;3.246635;{'type': 'ambulance'};[]
1.0;1;0;0;2.857696;{};[]
1.0;1;0;0;2.875539;{};[]
0.0;0;1;0;2.874561;{'type': 'superhero'};[]
1.0;1;0;0;3.478213;{};[]
1.0;1;0;0;2.934503;{};[]
0.0;0;1;0;2.640201;{'type': 'animal'};[]
0.0;0;1;0;2.903941;{'type': 'tractor'};[]
1.0;1;0;0;2.734175;{};[]
0.0;0;1;0;3.011737;{'type': 'ostrich'};[]
1.0;1;0;0;2.795509;{};[]
1.0;1;0;0;2.854226;{};[]
0.0;0;1;0;2.903738;{'type': 'vehicle'};[]
0.0;0;1;0;2.821914;{'type': 'animal'};[]
1.0;1;0;0;2.733155;{};[]
0.0;0;1;0;3.076859;{'type': 'animal'};[]
1.0;1;0;0;2.94927;{};[]
1.0;1;0;0;2.74433;{};[]
1.0;1;0;0;2.901106;{};[]
1.0;1;0;0;2.812425;{};[]
0.0;0;0;1;3.103618;{};['type']
0;0;0;1;4.29937;{};[]
1.0;1;0;0;2.809234;{};[]
0.0;0;1;0;2.749366;{'type': 'animal'};[]
1.0;1;0;0;2.843101;{};[]
1.0;1;0;0;3.059671;{};[]
0.0;0;1;0;4.468173;{'type': 'image'};[]
0.0;0;1;0;2.826308;{'type': 'animal'};[]
0.0;0;1;0;3.029173;{'type': 'wildlife'};[]
1.0;1;0;0;2.625346;{};[]
0.0;0;1;0;3.118469;{'type': 'vehicle'};[]
1.0;1;0;0;2.856845;{};[]
0.0;0;1;0;2.822597;{'type': 'bear'};[]
1.0;1;0;0;2.701964;{};[]
0.0;0;1;0;3.02503;{'type': 'image'};[]
0.0;0;1;0;2.766765;{'type': 'inflatable boat'};[]
1.0;1;0;0;2.764558;{};[]
1.0;1;0;0;3.01103;{};[]
0.0;0;1;0;2.828016;{'type': 'animal'};[]
0.0;0;1;0;3.013702;{'type': 'truck'};[]
0;0;0;1;2.811616;{};[]
0.0;0;1;0;2.795422;{'type': 'mammal'};[]
