0.0;0;0;1;4.978234;{};['type']
1.0;1;0;0;2.54665;{};[]
1.0;1;0;0;2.612569;{};[]
0.0;0;0;1;4.248163;{};['type']
0;0;0;1;2.578397;{};[]
0;0;0;1;2.575182;{};[]
0.0;0;1;0;2.855305;{'type': 'image'};[]
0.0;0;1;0;2.548386;{'type': 'image'};[]
0.0;0;0;1;2.605484;{};['type']
0;0;0;1;2.560123;{};[]
0;0;0;1;3.584357;{};[]
1.0;1;0;0;2.746093;{};[]
1.0;1;0;0;2.513413;{};[]
0.0;0;0;1;2.606949;{};['type']
1.0;1;0;0;2.591849;{};[]
0.0;0;1;0;2.593135;{'type': 'commercial truck'};[]
0;0;0;1;2.635953;{};[]
0.0;0;0;1;3.5825;{};['type']
0;0;0;1;2.481272;{};[]
1.0;1;0;0;2.560119;{};[]
0.0;0;1;0;2.593182;{'type': 'small mammal'};[]
0;0;0;1;2.761725;{};[]
0.0;0;0;1;3.133498;{};['type']
1.0;1;0;0;2.529045;{};[]
0.0;0;1;0;2.826696;{'type': 'animal'};[]
1.0;1;0;0;2.558456;{};[]
1.0;1;0;0;2.590338;{};[]
0.0;0;1;0;2.778098;{'type': 'black plastic toy soldier'};[]
0;0;0;1;2.54516;{};[]
1.0;1;0;0;2.608276;{};[]
0;0;0;1;3.350573;{};[]
1.0;1;0;0;2.547241;{};[]
0.0;0;1;0;3.288049;{'type': 'animals'};[]
0;0;0;1;2.544338;{};[]
0;0;0;1;3.428849;{};[]
0;0;0;1;2.470649;{};[]
0;0;0;1;2.795049;{};[]
0.0;0;0;1;2.621129;{};['type']
1.0;1;0;0;2.672532;{};[]
0;0;0;1;3.212784;{};[]
0;0;0;1;2.545093;{};[]
0.0;0;1;0;2.682411;{'type': 'animal'};[]
0.0;0;0;1;2.575188;{};['type']
1.0;1;0;0;2.581011;{};[]
0.0;0;0;1;3.073602;{};['type']
0.0;0;1;0;2.637949;{'type': 'van'};[]
0;0;0;1;2.591491;{};[]
0.0;0;1;0;2.731299;{'type': 'duck'};[]
1.0;1;0;0;2.577312;{};[]
1.0;1;0;0;2.561451;{};[]
0.0;0;0;1;2.902477;{};['type']
1.0;1;0;0;2.495463;{};[]
0.0;0;1;0;2.620614;{'type': 'horses'};[]
1.0;1;0;0;2.561954;{};[]
1.0;1;0;0;2.809064;{};[]
0.0;0;1;0;2.544825;{'type': 'image'};[]
1.0;1;0;0;3.13466;{};[]
0;0;0;1;3.041654;{};[]
0.0;0;1;0;2.594329;{'type': 'animal'};[]
0;0;0;1;2.560157;{};[]
0;0;0;1;2.470316;{};[]
0.0;0;0;1;2.902381;{};['type']
0.0;0;0;1;2.621824;{};['type']
1.0;1;0;0;2.776074;{};[]
0;0;0;1;540.691002;{};[]
0.0;0;0;1;2.639469;{};['type']
1.0;1;0;0;2.513397;{};[]
0;0;0;1;2.749186;{};[]
0;0;0;1;2.563543;{};[]
0;0;0;1;2.825511;{};[]
0.0;0;1;0;3.18132;{'type': 'image'};[]
0.0;0;1;0;5.707931;{'type': 'image'};[]
1.0;1;0;0;2.531241;{};[]
0.0;0;0;1;3.289425;{};['type']
0.0;0;1;0;2.577855;{'type': 'image'};[]
0.0;0;0;1;2.623833;{};['type']
1.0;1;0;0;2.948979;{};[]
1.0;1;0;0;2.546642;{};[]
0.0;0;0;1;2.605713;{};['type']
0.0;0;1;0;2.54588;{'type': 'image'};[]
1.0;1;0;0;2.530243;{};[]
0.0;0;1;0;4.454777;{'type': 'animals'};[]
0.0;0;0;1;4.141017;{};['type']
0.0;0;0;1;4.605477;{};['type']
1.0;1;0;0;2.575423;{};[]
0.0;0;0;1;2.967907;{};['type']
1.0;1;0;0;2.562981;{};[]
0.0;0;1;0;2.962726;{'type': 'image'};[]
0.0;0;1;0;3.462273;{'type': 'image'};[]
0.0;0;0;1;3.045909;{};['type']
1.0;1;0;0;2.545877;{};[]
0.0;0;1;0;2.763002;{'type': 'image'};[]
0.0;0;0;1;2.811627;{};['type']
0.0;0;0;1;3.366653;{};['type']
1.0;1;0;0;2.685305;{};[]
1.0;1;0;0;2.546524;{};[]
0.0;0;1;0;2.595753;{'type': 'inflatable'};[]
0.0;0;1;0;2.608409;{'type': 'airplanes'};[]
0.0;0;0;1;2.57415;{};['type']
0;0;0;1;3.681127;{};[]
0;0;0;1;2.578001;{};[]
1.0;1;0;0;2.668487;{};[]
0.0;0;1;0;2.671965;{'type': 'wildlife'};[]
