0.535686731338501;0.8187357187271118;0.5973597168922424;0.535686731338501;0.5692307949066162;0.5692307949066162
0.5983333587646484;0.9042904376983643;0.7435643672943115;0.5983333587646484;0.6333333253860474;0.6333333253860474
0.1860961765050888;0.23762376606464386;0.23762376606464386;0.1860961765050888;0.1899999976158142;0.1899999976158142
0.6035973429679871;0.9009901285171509;0.6871287226676941;0.6035973429679871;0.6272727251052856;0.6272727251052856
0.5854235291481018;0.7810781002044678;0.6930692791938782;0.5854235291481018;0.6100000143051147;0.6100000143051147
0.743324339389801;0.9783978462219238;0.8811880946159363;0.743324339389801;0.7888888716697693;0.7888888716697693
0.7541018128395081;1.0;0.8712871074676514;0.7541018128395081;0.762499988079071;0.762499988079071
0.7443069219589233;1.0;1.0;0.7443069219589233;0.7599999904632568;0.7599999904632568
0.540099024772644;0.8316831588745117;0.6633663177490234;0.540099024772644;0.5666666626930237;0.5666666626930237
0.6870271563529968;1.0;0.8928892612457275;0.6870271563529968;0.7272727489471436;0.7272727489471436
0.7036963701248169;0.9361936450004578;0.9361936450004578;0.7036963701248169;0.7714285850524902;0.7714285850524902
0.74928218126297;0.9579207897186279;0.9579207897186279;0.74928218126297;0.800000011920929;0.800000011920929
0.7027227878570557;1.0;1.0;0.7027227878570557;0.7333333492279053;0.7333333492279053
0.5801650285720825;1.0;0.6316831707954407;0.5801650285720825;0.6166666746139526;0.6166666746139526
0.7896039485931396;1.0;1.0;0.7896039485931396;0.800000011920929;0.800000011920929
0.6279742121696472;0.8834883570671082;0.7512322664260864;0.6279742121696472;0.737500011920929;0.737500011920929
0.7481423020362854;1.0;0.801980197429657;0.7481423020362854;0.7749999761581421;0.7749999761581421
0.5452616810798645;0.7920792102813721;0.6930692791938782;0.5452616810798645;0.5699999928474426;0.5699999928474426
0.6085148453712463;0.8514851331710815;0.8514851331710815;0.6085148453712463;0.6428571343421936;0.6428571343421936
0.8147100210189819;1.0;1.0;0.8147100210189819;0.8285714387893677;0.8285714387893677
0.7618811726570129;1.0;1.0;0.7618811726570129;0.7714285850524902;0.7714285850524902
0.5731965899467468;1.0;0.5965346693992615;0.5731965899467468;0.637499988079071;0.637499988079071
0.7489274144172668;1.0;1.0;0.7489274144172668;0.800000011920929;0.800000011920929
0.7156490683555603;0.9306930899620056;0.9306930899620056;0.7156490683555603;0.8125;0.8125
0.7867904305458069;1.0;1.0;0.7867904305458069;0.8125;0.8125
0.7831683158874512;1.0;1.0;0.7831683158874512;0.8166666626930237;0.8166666626930237
0.7985855937004089;0.933364748954773;0.8569856882095337;0.7985855937004089;0.8444444537162781;0.8444444537162781
0.6984816789627075;0.9502108097076416;0.802975058555603;0.6984816789627075;0.7818182110786438;0.7818182110786438
0.7479950785636902;1.0;1.0;0.7479950785636902;0.800000011920929;0.800000011920929
0.6014435887336731;0.7875095009803772;0.7875095009803772;0.6014435887336731;0.6200000047683716;0.6200000047683716
0.39389440417289734;0.5236523747444153;0.4774477481842041;0.39389440417289734;0.4285714328289032;0.4285714328289032
0.7554455399513245;1.0;1.0;0.7554455399513245;0.800000011920929;0.800000011920929
0.6490768790245056;0.9918462634086609;0.8200904130935669;0.6490768790245056;0.7066666483879089;0.7066666483879089
0.6549205183982849;0.9174917340278625;0.7249324917793274;0.6549205183982849;0.7133333086967468;0.7133333086967468
0.7463366389274597;0.9735973477363586;0.9735973477363586;0.7463366389274597;0.7909091114997864;0.7909091114997864
0.7214521169662476;0.8877887725830078;0.8877887725830078;0.7214521169662476;0.8500000238418579;0.8500000238418579
0.6982969641685486;0.9004823565483093;0.8454768657684326;0.6982969641685486;0.7599999904632568;0.7599999904632568
0.7385313510894775;0.9702970385551453;0.9702970385551453;0.7385313510894775;0.800000011920929;0.800000011920929
0.7905527949333191;1.0;1.0;0.7905527949333191;0.8222222328186035;0.8222222328186035
0.7415841817855835;0.9504950642585754;0.9504950642585754;0.7415841817855835;0.7749999761581421;0.7749999761581421
0.740358293056488;1.0;1.0;0.740358293056488;0.7714285850524902;0.7714285850524902
0.6121447682380676;0.8705798983573914;0.6463932394981384;0.6121447682380676;0.7071428298950195;0.7071428298950195
0.7958274483680725;0.9519094824790955;0.9519094824790955;0.7958274483680725;0.8500000238418579;0.8500000238418579
0.6054836511611938;0.9533510804176331;0.5404925346374512;0.6054836511611938;0.675000011920929;0.675000011920929
0.7207213640213013;0.9634425044059753;0.8120716214179993;0.7207213640213013;0.7666666507720947;0.7666666507720947
0.4597334861755371;0.6303630471229553;0.5796008110046387;0.4597334861755371;0.5136363506317139;0.5136363506317139
0.8551037311553955;1.0;1.0;0.8551037311553955;0.875;0.875
0.7005761861801147;0.8861302733421326;0.8861302733421326;0.7005761861801147;0.8181818127632141;0.8181818127632141
0.6446017026901245;0.9313681125640869;0.6633663177490234;0.6446017026901245;0.7333333492279053;0.7333333492279053
0.6813531517982483;0.9814356565475464;0.9814356565475464;0.6813531517982483;0.7428571581840515;0.7428571581840515
0.7028763890266418;1.0;0.8079208135604858;0.7028763890266418;0.7428571581840515;0.7428571581840515
0.6742244362831116;1.0;0.8564356565475464;0.6742244362831116;0.7124999761581421;0.7124999761581421
0.7073479890823364;1.0;0.8117796182632446;0.7073479890823364;0.7666666507720947;0.7666666507720947
0.7071832418441772;0.9260725975036621;0.9260725975036621;0.7071832418441772;0.746666669845581;0.746666669845581
0.6789893507957458;0.933907687664032;0.8631862998008728;0.6789893507957458;0.7300000190734863;0.7300000190734863
0.7025266885757446;0.9420942068099976;0.9420942068099976;0.7025266885757446;0.800000011920929;0.800000011920929
0.6400789022445679;0.9008187651634216;0.9008187651634216;0.6400789022445679;0.7444444298744202;0.7444444298744202
0.7684406042098999;1.0;0.8811880946159363;0.7684406042098999;0.800000011920929;0.800000011920929
0.663293182849884;0.8947916030883789;0.8255678415298462;0.710840106010437;0.71875;0.7666666507720947
0.6886138319969177;1.0;0.6287128925323486;0.6886138319969177;0.7250000238418579;0.7250000238418579
0.6061883568763733;0.9886230826377869;0.6491732001304626;0.6061883568763733;0.6761904954910278;0.6761904954910278
0.7516831755638123;1.0;1.0;0.7516831755638123;0.800000011920929;0.800000011920929
0.8663366436958313;1.0;1.0;0.8663366436958313;0.8666666746139526;0.8666666746139526
0.7275577783584595;1.0;0.7211220860481262;0.7275577783584595;0.7833333611488342;0.7833333611488342
0.529441237449646;0.8824964761734009;0.5591266751289368;0.529441237449646;0.6272727251052856;0.6272727251052856
0.5617268681526184;0.890526533126831;0.7128713130950928;0.5617268681526184;0.699999988079071;0.699999988079071
0.5546959042549133;0.9759547114372253;0.5281471014022827;0.5546959042549133;0.6333333253860474;0.6333333253860474
0.7958415746688843;1.0;0.8316831588745117;0.7958415746688843;0.8142856955528259;0.8142856955528259
0.7270880937576294;0.9771515727043152;0.9009901285171509;0.7270880937576294;0.7599999904632568;0.7599999904632568
0.6702970266342163;1.0;1.0;0.6702970266342163;0.699999988079071;0.699999988079071
0.6297941207885742;0.8429728150367737;0.7866935133934021;0.6297941207885742;0.7666666507720947;0.7666666507720947
0.763861358165741;1.0;1.0;0.763861358165741;0.800000011920929;0.800000011920929
0.7990670204162598;0.9573495984077454;0.9573495984077454;0.7990670204162598;0.8545454740524292;0.8545454740524292
0.506943941116333;0.7565213441848755;0.5824370384216309;0.506943941116333;0.6333333253860474;0.6333333253860474
0.7864120602607727;0.9759547114372253;0.9759547114372253;0.7864120602607727;0.8166666626930237;0.8166666626930237
0.6910890936851501;0.9158415794372559;0.9158415794372559;0.6910890936851501;0.7666666507720947;0.7666666507720947
0.722112238407135;1.0;1.0;0.722112238407135;0.7666666507720947;0.7666666507720947
0.7480723261833191;0.9810981154441833;0.9810981154441833;0.7480723261833191;0.7900000214576721;0.7900000214576721
0.6607496738433838;0.9772277474403381;0.8594059348106384;0.6607496738433838;0.699999988079071;0.699999988079071
0.6803217530250549;0.9641088843345642;0.7821782231330872;0.6803217530250549;0.7285714149475098;0.7285714149475098
0.8340311050415039;1.0;1.0;0.8340311050415039;0.8571428656578064;0.8571428656578064
0.41872936487197876;0.5049505233764648;0.5049505233764648;0.41872936487197876;0.42500001192092896;0.42500001192092896
0.8044554591178894;1.0;1.0;0.8044554591178894;0.8299999833106995;0.8299999833106995
0.7714851498603821;1.0;1.0;0.7714851498603821;0.7799999713897705;0.7799999713897705
0.7315881848335266;0.9706827998161316;0.9706827998161316;0.7315881848335266;0.7818182110786438;0.7818182110786438
0.5000270009040833;0.8259510397911072;0.5818134546279907;0.5000270009040833;0.5350000262260437;0.5350000262260437
0.7442244291305542;1.0;1.0;0.7442244291305542;0.7666666507720947;0.7666666507720947
0.4659004807472229;0.7815310955047607;0.39757975935935974;0.4659004807472229;0.5600000023841858;0.5600000023841858
0.6871758699417114;0.893917977809906;0.893917977809906;0.6871758699417114;0.800000011920929;0.800000011920929
0.6379867792129517;0.8081879615783691;0.8081879615783691;0.6379867792129517;0.7300000190734863;0.7300000190734863
0.7288228869438171;0.9471946954727173;0.9471946954727173;0.7288228869438171;0.7714285850524902;0.7714285850524902
0.5795929431915283;0.8723872303962708;0.8723872303962708;0.5795929431915283;0.7142857313156128;0.7142857313156128
0.6801131367683411;1.0;0.7708628177642822;0.6801131367683411;0.7285714149475098;0.7285714149475098
0.6473184823989868;0.9881188273429871;0.8185643553733826;0.6473184823989868;0.7111111283302307;0.7111111283302307
0.6000000238418579;0.75;0.75;0.6000000238418579;0.800000011920929;0.800000011920929
0.6451815366744995;0.9851484894752502;0.8415841460227966;0.6451815366744995;0.6769230961799622;0.6769230961799622
0.5976442098617554;1.0;0.608345091342926;0.5976442098617554;0.6600000262260437;0.6600000262260437
0.6537128686904907;1.0;0.6633663177490234;0.6537128686904907;0.6666666865348816;0.6666666865348816
0.7939887046813965;0.9759547114372253;0.9759547114372253;0.7939887046813965;0.8166666626930237;0.8166666626930237
0.6658415794372559;0.9158415794372559;0.9158415794372559;0.6658415794372559;0.8333333134651184;0.8333333134651184
