0.0;0;1;0;8.551841;{'type': 'image'};[]
0.0;0;1;0;3.091241;{'type': 'dog'};[]
0.0;0;1;0;3.026594;{'type': 'person'};[]
1.0;1;0;0;3.106251;{};[]
0;0;0;1;4.665422;{};[]
0.0;0;1;0;3.081173;{'type': 'apple'};[]
0.0;0;1;0;3.060334;{'type': 'plant'};[]
0.0;0;1;0;3.200011;{'type': 'sports ball'};[]
0.0;0;1;0;3.114118;{'type': 'cow'};[]
0.0;0;1;0;3.152985;{'type': 'satellite'};[]
0.0;0;1;0;3.111735;{'type': 'bus'};[]
1.0;1;0;0;3.051012;{};[]
0.0;0;1;0;3.057281;{'type': 'car'};[]
0.0;0;1;0;3.109331;{'type': 'lantern'};[]
0.0;0;1;0;3.173595;{'type': 'mushroom'};[]
0;0;0;1;4.619507;{};[]
0.0;0;1;0;3.144153;{'type': 'sports ball'};[]
0.0;0;1;0;2.986586;{'type': 'dog'};[]
1.0;1;0;0;2.980506;{};[]
0.0;0;1;0;2.99626;{'type': 'flower'};[]
0.0;0;1;0;3.168109;{'type': 'mushroom'};[]
0.0;0;1;0;3.043753;{'type': 'flower'};[]
0.0;0;1;0;3.103875;{'type': 'rock'};[]
1.0;1;0;0;3.026662;{};[]
1.0;1;0;0;3.108033;{};[]
0.0;0;1;0;3.044308;{'type': 'dogs'};[]
0.0;0;1;0;3.117823;{'type': 'tractor'};[]
0.0;0;1;0;3.027306;{'type': 'cat'};[]
0.0;0;1;0;3.137991;{'type': 'kite'};[]
0.0;0;1;0;3.152455;{'type': 'airplane'};[]
1.0;1;0;0;2.981083;{};[]
0.0;0;1;0;3.121479;{'type': 'astronomical'};[]
1.0;1;0;0;3.113253;{};[]
0;0;0;1;4.700242;{};[]
0;0;0;1;4.439821;{};[]
0.0;0;1;0;3.102175;{'type': 'dog'};[]
0.0;0;1;0;3.079023;{'type': 'cloud'};[]
0.0;0;1;0;3.058641;{'type': 'animal'};[]
0.0;0;1;0;3.213711;{'type': 'snowboard'};[]
0;0;0;1;4.719672;{};[]
0.0;0;1;0;3.079036;{'type': 'umbrella'};[]
0.0;0;1;0;2.997038;{'type': 'animal'};[]
1.0;1;0;0;3.012909;{};[]
1.0;1;0;0;2.99452;{};[]
1.0;1;0;0;2.983101;{};[]
1.0;1;0;0;3.011385;{};[]
1.0;1;0;0;3.068854;{};[]
0.0;0;1;0;3.164879;{'type': 'sports equipment'};[]
0.0;0;1;0;3.12165;{'type': 'airplane'};[]
0.0;0;1;0;3.085369;{'type': 'knife'};[]
0.0;0;1;0;3.106251;{'type': 'sports equipment'};[]
0;0;0;1;3.289842;{};[]
0.0;0;1;0;3.028022;{'type': 'dog'};[]
1.0;1;0;0;3.153944;{};[]
1.0;1;0;0;3.087431;{};[]
0;0;0;1;4.68777;{};[]
1.0;1;0;0;3.056202;{};[]
1.0;1;0;0;3.060055;{};[]
0.0;0;1;0;3.08999;{'type': 'dog'};[]
1.0;1;0;0;3.05325;{};[]
0.0;0;1;0;3.07389;{'type': 'dog'};[]
1.0;1;0;0;3.012015;{};[]
1.0;1;0;0;3.005945;{};[]
1.0;1;0;0;3.077297;{};[]
0;0;0;1;3.274666;{};[]
1.0;1;0;0;3.10372;{};[]
0.0;0;1;0;3.005923;{'type': 'bus'};[]
1.0;1;0;0;3.059748;{};[]
0.0;0;1;0;3.151507;{'type': 'tractor'};[]
0.0;0;1;0;3.101078;{'type': 'flower'};[]
1.0;1;0;0;3.043381;{};[]
1.0;1;0;0;3.104594;{};[]
1.0;1;0;0;3.012353;{};[]
0;0;0;1;4.75622;{};[]
0;0;0;1;4.724034;{};[]
0.0;0;1;0;3.122283;{'type': 'sports ball'};[]
0.0;0;1;0;3.078256;{'type': 'bird'};[]
1.0;1;0;0;3.138658;{};[]
0.0;0;1;0;3.077692;{'type': 'person'};[]
1.0;1;0;0;3.171569;{};[]
0;0;0;1;4.733559;{};[]
1.0;1;0;0;3.105843;{};[]
0.0;0;1;0;3.056574;{'type': 'camera'};[]
0.0;0;1;0;3.090115;{'type': 'dog'};[]
1.0;1;0;0;3.073539;{};[]
0.0;0;1;0;3.097764;{'type': 'animal'};[]
0.0;0;1;0;3.202056;{'type': 'stuffed animal'};[]
0.0;0;1;0;3.249075;{'type': 'sports ball'};[]
0.0;0;1;0;3.085936;{'type': 'hand'};[]
0.0;0;1;0;3.095566;{'type': 'dog'};[]
1.0;1;0;0;3.089962;{};[]
0.0;0;1;0;3.104576;{'type': 'car'};[]
0;0;0;1;4.66906;{};[]
0.0;0;1;0;3.066743;{'type': 'bird'};[]
0;0;0;1;4.655492;{};[]
1.0;1;0;0;3.086621;{};[]
0.0;0;1;0;3.072276;{'type': 'dice'};[]
1.0;1;0;0;3.141105;{};[]
1.0;1;0;0;3.094251;{};[]
0.0;0;1;0;3.076911;{'type': 'flower'};[]
0.0;0;1;0;3.096558;{'type': 'table'};[]
0.0;0;1;0;3.043252;{'type': 'dog'};[]
0;0;0;1;4.424861;{};[]
