0.5;1;0;1;75.569797;{};['breed']
0.5;1;0;1;40.61826;{};['breed']
0.5;1;0;1;36.416475;{};['breed']
0.5;1;0;1;20.05077;{};['breed']
0.5;1;0;1;34.811034;{};['breed']
0;0;0;2;44.039494;{};[]
0.5;1;0;1;31.891398;{};['breed']
0.5;1;0;1;36.501656;{};['breed']
0;0;0;2;31.504711;{};[]
0.5;1;0;1;36.718463;{};['breed']
0.5;1;0;1;35.035109;{};['breed']
0.5;1;0;1;35.533552;{};['breed']
0.5;1;0;1;35.453145;{};['breed']
0.5;1;0;1;36.358083;{};['breed']
0.5;1;0;1;23.813434;{};['breed']
0.5;1;0;1;36.605602;{};['breed']
0.5;1;0;1;36.474297;{};['breed']
0;0;0;2;50.701959;{};[]
0;0;0;2;39.010654;{};[]
0;0;0;2;42.12508;{};[]
0.5;1;0;1;20.400552;{};['breed']
0.5;1;0;1;32.24668;{};['breed']
0.5;1;0;1;34.035977;{};['breed']
0.5;1;0;1;34.613581;{};['breed']
0.5;1;0;1;34.249251;{};['breed']
0.0;0;1;1;37.815285;{'type': 'mammal'};['breed']
0.5;1;0;1;36.717114;{};['breed']
0.5;1;0;1;31.070778;{};['breed']
0.5;1;0;1;30.594678;{};['breed']
0.5;1;0;1;34.3766;{};['breed']
0.5;1;0;1;35.736838;{};['breed']
0.5;1;0;1;20.86097;{};['breed']
