0.457027;0
0.023522;0
0.023001;0
0.024011;0
0.023441;0
0.054541;0
0.024037;0
0.02351;0
0.023547;0
0.023038;0
0.023036;0
0.023542;0
0.023548;0
0.023548;0
0.022525;0
0.02354;0
0.024025;0
0.023049;0
0.023525;0
0.023548;0
0.02352;0
0.023512;0
0.023534;0
0.023547;0
0.023517;0
0.023019;0
0.022537;0
0.023522;0
0.023548;0
0.023533;0
0.023037;0
0.023032;0
0.023019;0
0.023036;0
0.023027;0
0.023512;0
0.023541;0
0.023546;0
0.023045;0
0.02307;0
0.023032;0
0.024015;0
0.023545;0
0.023525;0
0.024011;0
0.023539;0
0.023027;0
0.023038;0
0.023533;0
0.024035;0
0.023536;0
0.023535;0
0.022641;0
0.023056;0
0.024024;0
0.023053;0
0.023037;0
0.023554;0
0.024053;0
0.023521;0
0.055047;0
0.023552;0
0.023511;0
0.02357;0
0.02304;0
0.023038;0
0.023533;0
0.023517;0
0.023538;0
0.023512;0
0.023534;0
0.023521;0
0.023547;0
0.023552;0
0.023532;0
0.023513;0
0.023049;0
0.023523;0
0.023521;0
0.023549;0
0.023537;0
0.023521;0
0.023594;0
0.022634;0
0.02349;0
0.023516;0
0.023011;0
0.023516;0
0.023524;0
0.023532;0
0.023536;0
0.024051;0
0.02356;0
0.023528;0
0.023049;0
0.024028;0
0.024052;0
0.023047;0
0.023525;0
0.024047;0
