0.0;0;1;0;0.169236;{'type': 'horse'};[]
0.0;0;1;0;0.045661;{'type': 'ship'};[]
1.0;1;0;0;0.04534;{};[]
1.0;1;0;0;0.045174;{};[]
0.0;0;1;0;0.046124;{'type': 'airplane'};[]
0.0;0;1;0;0.044851;{'type': 'airplane'};[]
1.0;1;0;0;0.045906;{};[]
0.0;0;1;0;0.045373;{'type': 'airplane'};[]
1.0;1;0;0;0.045949;{};[]
0.0;0;1;0;0.045639;{'type': 'automobile'};[]
0.0;0;1;0;0.045776;{'type': 'automobile'};[]
0.0;0;1;0;0.045385;{'type': 'cat'};[]
1.0;1;0;0;0.061325;{};[]
1.0;1;0;0;0.045201;{};[]
0.0;0;1;0;0.045667;{'type': 'airplane'};[]
0.0;0;1;0;0.045842;{'type': 'frog'};[]
0.0;0;1;0;0.045528;{'type': 'truck'};[]
0;0;0;1;0.045465;{};[]
0.0;0;1;0;0.045905;{'type': 'airplane'};[]
0.0;0;1;0;0.045797;{'type': 'automobile'};[]
0.0;0;1;0;0.045175;{'type': 'airplane'};[]
0.0;0;1;0;0.045902;{'type': 'cat'};[]
0.0;0;1;0;0.045734;{'type': 'automobile'};[]
1.0;1;0;0;0.04599;{};[]
0.0;0;1;0;0.045483;{'type': 'horse'};[]
1.0;1;0;0;0.04547;{};[]
1.0;1;0;0;0.045419;{};[]
1.0;1;0;0;0.046009;{};[]
0;0;0;1;0.045591;{};[]
0.0;0;1;0;0.046015;{'type': 'ship'};[]
1.0;1;0;0;0.045513;{};[]
0.0;0;1;0;0.045616;{'type': 'horse'};[]
0.0;0;1;0;0.045346;{'type': 'ship'};[]
1.0;1;0;0;0.045032;{};[]
1.0;1;0;0;0.045502;{};[]
1.0;1;0;0;0.045857;{};[]
1.0;1;0;0;0.04562;{};[]
1.0;1;0;0;0.046182;{};[]
0;0;0;1;0.045317;{};[]
0.0;0;1;0;0.048329;{'type': 'horse'};[]
1.0;1;0;0;0.043131;{};[]
0.0;0;1;0;0.045809;{'type': 'horse'};[]
0.0;0;1;0;0.045811;{'type': 'airplane'};[]
1.0;1;0;0;0.04581;{};[]
1.0;1;0;0;0.045762;{};[]
1.0;1;0;0;0.045243;{};[]
1.0;1;0;0;0.045643;{};[]
0.0;0;1;0;0.045946;{'type': 'deer'};[]
0.0;0;1;0;0.045402;{'type': 'frog'};[]
0.0;0;1;0;0.045963;{'type': 'horse'};[]
0.0;0;1;0;0.045299;{'type': 'frog'};[]
0.0;0;1;0;0.045544;{'type': 'airplane'};[]
0.0;0;1;0;0.045644;{'type': 'airplane'};[]
0.0;0;1;0;0.045519;{'type': 'airplane'};[]
0.0;0;1;0;0.045407;{'type': 'frog'};[]
0.0;0;1;0;0.045116;{'type': 'cat'};[]
0.0;0;1;0;0.045936;{'type': 'airplane'};[]
0.0;0;1;0;0.046522;{'type': 'dog'};[]
1.0;1;0;0;0.045343;{};[]
1.0;1;0;0;0.045836;{};[]
0.0;0;1;0;0.04603;{'type': 'truck'};[]
1.0;1;0;0;0.045387;{};[]
1.0;1;0;0;0.045635;{};[]
0.0;0;1;0;0.044524;{'type': 'airplane'};[]
0.0;0;1;0;0.045619;{'type': 'frog'};[]
1.0;1;0;0;0.045852;{};[]
1.0;1;0;0;0.046015;{};[]
0.0;0;1;0;0.045464;{'type': 'horse'};[]
0.0;0;1;0;0.045637;{'type': 'automobile'};[]
1.0;1;0;0;0.045397;{};[]
0.0;0;1;0;0.045515;{'type': 'deer'};[]
1.0;1;0;0;0.045813;{};[]
0.0;0;1;0;0.045672;{'type': 'bird'};[]
0;0;0;1;0.046191;{};[]
0.0;0;1;0;0.045783;{'type': 'automobile'};[]
0;0;0;1;0.045512;{};[]
0.0;0;1;0;0.046361;{'type': 'horse'};[]
0.0;0;1;0;0.045511;{'type': 'frog'};[]
1.0;1;0;0;0.045394;{};[]
0.0;0;1;0;0.045761;{'type': 'ship'};[]
1.0;1;0;0;0.045631;{};[]
1.0;1;0;0;0.045165;{};[]
1.0;1;0;0;0.045385;{};[]
0;0;0;1;0.045764;{};[]
0.0;0;1;0;0.045803;{'type': 'airplane'};[]
1.0;1;0;0;0.045564;{};[]
0.0;0;1;0;0.045515;{'type': 'horse'};[]
0.0;0;1;0;0.045352;{'type': 'automobile'};[]
1.0;1;0;0;0.045516;{};[]
0.0;0;1;0;0.045552;{'type': 'horse'};[]
1.0;1;0;0;0.045783;{};[]
0.0;0;1;0;0.045351;{'type': 'automobile'};[]
0.0;0;1;0;0.045536;{'type': 'cat'};[]
0.0;0;1;0;0.045558;{'type': 'truck'};[]
0.0;0;1;0;0.045749;{'type': 'airplane'};[]
0.0;0;1;0;0.045664;{'type': 'bird'};[]
0;0;0;1;0.045385;{};[]
0.0;0;1;0;0.045923;{'type': 'ship'};[]
1.0;1;0;0;0.045125;{};[]
1.0;1;0;0;0.045727;{};[]
1.0;1;0;0;0.046102;{};[]
1.0;1;0;0;0.045282;{};[]
0.0;0;1;0;0.045752;{'type': 'airplane'};[]
