0.0;0;1;0;0.107293;{'type': 'airplane'};[]
0.0;0;1;0;0.045728;{'type': 'ship'};[]
1.0;1;0;0;0.044962;{};[]
1.0;1;0;0;0.045691;{};[]
1.0;1;0;0;0.045381;{};[]
0.0;0;1;0;0.04576;{'type': 'airplane'};[]
1.0;1;0;0;0.045315;{};[]
1.0;1;0;0;0.045231;{};[]
1.0;1;0;0;0.046137;{};[]
0.0;0;1;0;0.046125;{'type': 'airplane'};[]
0.0;0;1;0;0.044805;{'type': 'frog'};[]
0.0;0;1;0;0.044599;{'type': 'airplane'};[]
0.0;0;1;0;0.045712;{'type': 'automobile'};[]
0;0;0;1;0.04527;{};[]
0.0;0;1;0;0.04587;{'type': 'airplane'};[]
1.0;1;0;0;0.045412;{};[]
0;0;0;1;0.045726;{};[]
0.0;0;1;0;0.045965;{'type': 'airplane'};[]
0.0;0;1;0;0.045801;{'type': 'bird'};[]
0;0;0;1;0.045751;{};[]
0.0;0;1;0;0.045997;{'type': 'deer'};[]
0.0;0;1;0;0.045485;{'type': 'automobile'};[]
0.0;0;1;0;0.044599;{'type': 'automobile'};[]
1.0;1;0;0;0.045916;{};[]
1.0;1;0;0;0.045581;{};[]
1.0;1;0;0;0.045792;{};[]
0.0;0;1;0;0.044826;{'type': 'automobile'};[]
0.0;0;1;0;0.045648;{'type': 'cat'};[]
1.0;1;0;0;0.045388;{};[]
1.0;1;0;0;0.045373;{};[]
1.0;1;0;0;0.045789;{};[]
0.0;0;1;0;0.045384;{'type': 'airplane'};[]
0.0;0;1;0;0.045753;{'type': 'automobile'};[]
0;0;0;1;0.045319;{};[]
1.0;1;0;0;0.046246;{};[]
1.0;1;0;0;0.045022;{};[]
0.0;0;1;0;0.04605;{'type': 'bird'};[]
0;0;0;1;0.045877;{};[]
0;0;0;1;0.046514;{};[]
0.0;0;1;0;0.045677;{'type': 'automobile'};[]
0.0;0;1;0;0.045692;{'type': 'airplane'};[]
0.0;0;1;0;0.045852;{'type': 'deer'};[]
0.0;0;1;0;0.04594;{'type': 'automobile'};[]
1.0;1;0;0;0.046082;{};[]
1.0;1;0;0;0.045413;{};[]
1.0;1;0;0;0.046042;{};[]
0.0;0;1;0;0.045546;{'type': 'frog'};[]
0.0;0;1;0;0.045291;{'type': 'deer'};[]
1.0;1;0;0;0.045554;{};[]
0.0;0;1;0;0.044378;{'type': 'horse'};[]
0.0;0;1;0;0.04559;{'type': 'frog'};[]
0.0;0;1;0;0.045857;{'type': 'cat'};[]
0;0;0;1;0.045668;{};[]
0.0;0;1;0;0.04608;{'type': 'airplane'};[]
0;0;0;1;0.045808;{};[]
0.0;0;1;0;0.045994;{'type': 'frog'};[]
0.0;0;1;0;0.045096;{'type': 'airplane'};[]
0.0;0;1;0;0.045774;{'type': 'ship'};[]
1.0;1;0;0;0.045587;{};[]
1.0;1;0;0;0.045771;{};[]
0;0;0;1;0.045438;{};[]
1.0;1;0;0;0.04584;{};[]
1.0;1;0;0;0.045613;{};[]
0.0;0;1;0;0.045851;{'type': 'airplane'};[]
0.0;0;1;0;0.045713;{'type': 'ship'};[]
1.0;1;0;0;0.046117;{};[]
1.0;1;0;0;0.045555;{};[]
0.0;0;1;0;0.045689;{'type': 'horse'};[]
0;0;0;1;0.045564;{};[]
0.0;0;1;0;0.046434;{'type': 'bird'};[]
0.0;0;1;0;0.045485;{'type': 'deer'};[]
1.0;1;0;0;0.045157;{};[]
0.0;0;1;0;0.046505;{'type': 'frog'};[]
0.0;0;1;0;0.04467;{'type': 'automobile'};[]
0.0;0;1;0;0.045465;{'type': 'automobile'};[]
0.0;0;1;0;0.045293;{'type': 'dog'};[]
0.0;0;1;0;0.045574;{'type': 'frog'};[]
0.0;0;1;0;0.045942;{'type': 'frog'};[]
0.0;0;1;0;0.045315;{'type': 'automobile'};[]
0.0;0;1;0;0.045334;{'type': 'bird'};[]
1.0;1;0;0;0.045868;{};[]
1.0;1;0;0;0.045294;{};[]
1.0;1;0;0;0.045648;{};[]
1.0;1;0;0;0.045716;{};[]
0.0;0;1;0;0.046096;{'type': 'frog'};[]
0.0;0;1;0;0.044911;{'type': 'horse'};[]
0;0;0;1;0.045375;{};[]
0.0;0;1;0;0.047009;{'type': 'frog'};[]
0.0;0;1;0;0.046;{'type': 'bird'};[]
1.0;1;0;0;0.045508;{};[]
1.0;1;0;0;0.045346;{};[]
0.0;0;1;0;0.044427;{'type': 'automobile'};[]
0.0;0;1;0;0.045569;{'type': 'automobile'};[]
0.0;0;1;0;0.045352;{'type': 'ship'};[]
0.0;0;1;0;0.045498;{'type': 'airplane'};[]
0.0;0;1;0;0.045949;{'type': 'airplane'};[]
0;0;0;1;0.045928;{};[]
1.0;1;0;0;0.046513;{};[]
1.0;1;0;0;0.045625;{};[]
0.0;0;1;0;0.046038;{'type': 'automobile'};[]
1.0;1;0;0;0.045677;{};[]
0.0;0;1;0;0.045736;{'type': 'airplane'};[]
0;0;0;1;0.04541;{};[]
