0;0;0;1;0.293566;{};[]
0.0;0;1;0;0.046026;{'type': 'automobile'};[]
0.0;0;1;0;0.04544;{'type': 'frog'};[]
1.0;1;0;0;0.045852;{};[]
0.0;0;1;0;0.04552;{'type': 'airplane'};[]
0.0;0;1;0;0.045345;{'type': 'automobile'};[]
1.0;1;0;0;0.046019;{};[]
0.0;0;1;0;0.04535;{'type': 'airplane'};[]
1.0;1;0;0;0.045517;{};[]
1.0;1;0;0;0.045593;{};[]
0.0;0;1;0;0.045587;{'type': 'ship'};[]
0.0;0;1;0;0.045278;{'type': 'cat'};[]
0.0;0;1;0;0.045804;{'type': 'automobile'};[]
0.0;0;1;0;0.045917;{'type': 'frog'};[]
0.0;0;1;0;0.045429;{'type': 'airplane'};[]
1.0;1;0;0;0.045653;{};[]
1.0;1;0;0;0.04472;{};[]
0;0;0;1;0.046013;{};[]
0.0;0;1;0;0.046356;{'type': 'airplane'};[]
0.0;0;1;0;0.045516;{'type': 'automobile'};[]
1.0;1;0;0;0.046505;{};[]
0.0;0;1;0;0.044749;{'type': 'deer'};[]
0.0;0;1;0;0.044703;{'type': 'automobile'};[]
1.0;1;0;0;0.046015;{};[]
1.0;1;0;0;0.04485;{};[]
1.0;1;0;0;0.04578;{};[]
0.0;0;1;0;0.045089;{'type': 'horse'};[]
0.0;0;1;0;0.04578;{'type': 'cat'};[]
0.0;0;1;0;0.045343;{'type': 'bird'};[]
1.0;1;0;0;0.045274;{};[]
1.0;1;0;0;0.045366;{};[]
1.0;1;0;0;0.045759;{};[]
0.0;0;1;0;0.045513;{'type': 'ship'};[]
0;0;0;1;0.045855;{};[]
1.0;1;0;0;0.046013;{};[]
1.0;1;0;0;0.045852;{};[]
0.0;0;1;0;0.04567;{'type': 'frog'};[]
0;0;0;1;0.045941;{};[]
0;0;0;1;0.061482;{};[]
0.0;0;1;0;0.045826;{'type': 'horse'};[]
0;0;0;1;0.04603;{};[]
0.0;0;1;0;0.045345;{'type': 'airplane'};[]
1.0;1;0;0;0.045663;{};[]
1.0;1;0;0;0.045587;{};[]
1.0;1;0;0;0.045409;{};[]
0.0;0;1;0;0.045738;{'type': 'frog'};[]
1.0;1;0;0;0.045497;{};[]
0.0;0;1;0;0.046329;{'type': 'deer'};[]
1.0;1;0;0;0.045534;{};[]
0.0;0;1;0;0.045395;{'type': 'horse'};[]
0.0;0;1;0;0.045755;{'type': 'frog'};[]
0.0;0;1;0;0.045731;{'type': 'cat'};[]
0;0;0;1;0.045836;{};[]
0.0;0;1;0;0.045943;{'type': 'airplane'};[]
0.0;0;1;0;0.046003;{'type': 'frog'};[]
0.0;0;1;0;0.045999;{'type': 'deer'};[]
0.0;0;1;0;0.045044;{'type': 'bird'};[]
0.0;0;1;0;0.045784;{'type': 'ship'};[]
0.0;0;1;0;0.045659;{'type': 'ship'};[]
1.0;1;0;0;0.045936;{};[]
0.0;0;1;0;0.045909;{'type': 'airplane'};[]
1.0;1;0;0;0.046136;{};[]
1.0;1;0;0;0.045203;{};[]
0.0;0;1;0;0.045722;{'type': 'bird'};[]
0.0;0;1;0;0.045355;{'type': 'frog'};[]
1.0;1;0;0;0.045542;{};[]
1.0;1;0;0;0.046013;{};[]
0.0;0;1;0;0.045855;{'type': 'horse'};[]
0.0;0;1;0;0.045515;{'type': 'automobile'};[]
1.0;1;0;0;0.045593;{};[]
0.0;0;1;0;0.04539;{'type': 'deer'};[]
1.0;1;0;0;0.045786;{};[]
1.0;1;0;0;0.045572;{};[]
0.0;0;1;0;0.045572;{'type': 'horse'};[]
0.0;0;1;0;0.045689;{'type': 'automobile'};[]
0.0;0;1;0;0.045515;{'type': 'ship'};[]
0.0;0;1;0;0.045853;{'type': 'horse'};[]
1.0;1;0;0;0.045515;{};[]
0.0;0;1;0;0.045352;{'type': 'automobile'};[]
0.0;0;1;0;0.046016;{'type': 'horse'};[]
1.0;1;0;0;0.045836;{};[]
1.0;1;0;0;0.045527;{};[]
0.0;0;1;0;0.045588;{'type': 'airplane'};[]
0.0;0;1;0;0.045779;{'type': 'frog'};[]
0.0;0;1;0;0.045298;{'type': 'horse'};[]
0.0;0;1;0;0.045179;{'type': 'frog'};[]
0.0;0;1;0;0.045505;{'type': 'airplane'};[]
0.0;0;1;0;0.044757;{'type': 'automobile'};[]
0.0;0;1;0;0.046013;{'type': 'bird'};[]
1.0;1;0;0;0.045854;{};[]
1.0;1;0;0;0.045956;{};[]
0.0;0;1;0;0.04541;{'type': 'automobile'};[]
0.0;0;1;0;0.046015;{'type': 'airplane'};[]
0.0;0;1;0;0.045858;{'type': 'ship'};[]
0.0;0;1;0;0.045122;{'type': 'airplane'};[]
1.0;1;0;0;0.047317;{};[]
0.0;0;1;0;0.043941;{'type': 'airplane'};[]
1.0;1;0;0;0.04594;{};[]
1.0;1;0;0;0.045925;{};[]
1.0;1;0;0;0.045682;{};[]
0.0;0;1;0;0.04618;{'type': 'ship'};[]
1.0;1;0;0;0.045703;{};[]
0.0;0;1;0;0.045167;{'type': 'frog'};[]
