0.3289957642555237;0.5346534848213196;0.3210749626159668;0.3289957642555237;0.36153846979141235;0.36153846979141235
0.472827285528183;0.7524752616882324;0.5665566325187683;0.472827285528183;0.5;0.5
0.18486562371253967;0.23762376606464386;0.23762376606464386;0.18486562371253967;0.1899999976158142;0.1899999976158142
0.5621287226676941;0.7227723002433777;0.7227723002433777;0.5621287226676941;0.5727272629737854;0.5727272629737854
0.6256718635559082;0.7920792102813721;0.7920792102813721;0.6256718635559082;0.6499999761581421;0.6499999761581421
0.5008251070976257;0.6633663177490234;0.6633663177490234;0.5008251070976257;0.5222222208976746;0.5222222208976746
0.6787835955619812;1.0;0.8712871074676514;0.6787835955619812;0.699999988079071;0.699999988079071
0.7792079448699951;1.0;1.0;0.7792079448699951;0.7799999713897705;0.7799999713897705
0.5148515105247498;0.6633663177490234;0.6633663177490234;0.5148515105247498;0.5166666507720947;0.5166666507720947
0.6215181350708008;0.9009901285171509;0.7940593957901001;0.6215181350708008;0.6545454263687134;0.6545454263687134
0.7620791792869568;1.0;0.8316831588745117;0.7620791792869568;0.8142856955528259;0.8142856955528259
0.738943874835968;1.0;1.0;0.738943874835968;0.7833333611488342;0.7833333611488342
0.6831682920455933;1.0;0.8316831588745117;0.6831682920455933;0.6833333373069763;0.6833333373069763
0.4104785621166229;0.5684818625450134;0.4207920730113983;0.4104785621166229;0.46666666865348816;0.46666666865348816
0.7737624049186707;1.0;1.0;0.7737624049186707;0.8199999928474426;0.8199999928474426
0.6221781969070435;0.8094059228897095;0.6648514866828918;0.6221781969070435;0.6875;0.6875
0.5811660885810852;0.8316831588745117;0.6006600856781006;0.5811660885810852;0.625;0.625
0.5170438289642334;0.7920792102813721;0.7920792102813721;0.5170438289642334;0.5299999713897705;0.5299999713897705
0.5018151998519897;0.8514851331710815;0.6650164723396301;0.5018151998519897;0.5285714268684387;0.5285714268684387
0.7367987036705017;1.0;0.8514851331710815;0.7367987036705017;0.7571428418159485;0.7571428418159485
0.7950494885444641;1.0;1.0;0.7950494885444641;0.8142856955528259;0.8142856955528259
0.4810231029987335;0.7524752616882324;0.46204620599746704;0.4810231029987335;0.512499988079071;0.512499988079071
0.6414427161216736;0.8712871074676514;0.8712871074676514;0.6414427161216736;0.675000011920929;0.675000011920929
0.6199198365211487;0.8712871074676514;0.6449787616729736;0.6199198365211487;0.675000011920929;0.675000011920929
0.7755940556526184;1.0;0.8564356565475464;0.7755940556526184;0.8125;0.8125
0.7181518077850342;1.0;1.0;0.7181518077850342;0.7333333492279053;0.7333333492279053
0.657365620136261;0.8811880946159363;0.8811880946159363;0.657365620136261;0.6888889074325562;0.6888889074325562
0.5168316960334778;0.6336633563041687;0.6336633563041687;0.5168316960334778;0.5363636612892151;0.5363636612892151
0.6626237630844116;0.8712871074676514;0.7524752616882324;0.6626237630844116;0.6875;0.6875
0.4867516756057739;0.7326732873916626;0.5027002692222595;0.4867516756057739;0.5400000214576721;0.5400000214576721
0.2966996729373932;0.42574256658554077;0.3448844850063324;0.2966996729373932;0.3142857253551483;0.3142857253551483
0.7179868221282959;1.0;0.8316831588745117;0.7179868221282959;0.7571428418159485;0.7571428418159485
0.39752474427223206;0.5346534848213196;0.45792078971862793;0.39752474427223206;0.40666666626930237;0.40666666626930237
0.31831681728363037;0.4653465449810028;0.39603960514068604;0.31831681728363037;0.3266666531562805;0.3266666531562805
0.37476661801338196;0.5318245887756348;0.5318245887756348;0.37476661801338196;0.40909090638160706;0.40909090638160706
0.5958415865898132;0.8316831588745117;0.8316831588745117;0.5958415865898132;0.6000000238418579;0.6000000238418579
0.44821780920028687;0.594059407711029;0.5049505233764648;0.44821780920028687;0.4699999988079071;0.4699999988079071
0.6371617317199707;0.7722772359848022;0.7722772359848022;0.6371617317199707;0.6555555462837219;0.6555555462837219
0.6710749864578247;0.8811880946159363;0.7722772359848022;0.6710749864578247;0.699999988079071;0.699999988079071
0.35445544123649597;0.5049505233764648;0.5049505233764648;0.35445544123649597;0.3499999940395355;0.3499999940395355
0.5945544838905334;0.8514851331710815;0.7128713130950928;0.5945544838905334;0.6000000238418579;0.6000000238418579
0.24792079627513885;0.3564356565475464;0.2594059407711029;0.24792079627513885;0.26428571343421936;0.26428571343421936
0.6232673525810242;0.8316831588745117;0.8036303520202637;0.6232673525810242;0.6333333253860474;0.6333333253860474
0.49653464555740356;0.6633663177490234;0.5742574334144592;0.49653464555740356;0.5333333611488342;0.5333333611488342
0.6165016293525696;0.7722772359848022;0.7722772359848022;0.6165016293525696;0.644444465637207;0.644444465637207
0.38999998569488525;0.5445544719696045;0.5008251070976257;0.38999998569488525;0.40909090638160706;0.40909090638160706
0.8264026641845703;1.0;0.8564356565475464;0.8264026641845703;0.8500000238418579;0.8500000238418579
0.4207920730113983;0.5779703259468079;0.5779703259468079;0.4207920730113983;0.5;0.5
0.47158417105674744;0.6905940771102905;0.5435643792152405;0.47158417105674744;0.6000000238418579;0.6000000238418579
0.7841584086418152;1.0;1.0;0.7841584086418152;0.8142856955528259;0.8142856955528259
0.5188769102096558;0.7821782231330872;0.5451545119285583;0.5188769102096558;0.5785714387893677;0.5785714387893677
0.43567657470703125;0.7524752616882324;0.47920793294906616;0.43567657470703125;0.4749999940395355;0.4749999940395355
0.5826970338821411;0.7920792102813721;0.7326732873916626;0.5826970338821411;0.6000000238418579;0.6000000238418579
0.5595559477806091;0.7326732873916626;0.7326732873916626;0.5595559477806091;0.5733333230018616;0.5733333230018616
0.5536303520202637;0.7920792102813721;0.6930692791938782;0.5536303520202637;0.5799999833106995;0.5799999833106995
0.7674367427825928;1.0;1.0;0.7674367427825928;0.7888888716697693;0.7888888716697693
0.5578500628471375;0.7722772359848022;0.7722772359848022;0.5578500628471375;0.6111111044883728;0.6111111044883728
0.6698019504547119;0.8811880946159363;0.7178217768669128;0.6698019504547119;0.7222222089767456;0.7222222089767456
0.46845826506614685;0.6782178282737732;0.5356435775756836;0.5004950761795044;0.48750001192092896;0.5199999809265137
0.7136138677597046;1.0;1.0;0.7136138677597046;0.75;0.75
0.5217401385307312;0.8514851331710815;0.5539053678512573;0.5217401385307312;0.5809524059295654;0.5809524059295654
0.7708910703659058;1.0;1.0;0.7708910703659058;0.8199999928474426;0.8199999928474426
0.7971947193145752;1.0;1.0;0.7971947193145752;0.8166666626930237;0.8166666626930237
0.6399670243263245;1.0;0.6316831707954407;0.6399670243263245;0.6833333373069763;0.6833333373069763
0.42892032861709595;0.6336633563041687;0.42574256658554077;0.42892032861709595;0.44545453786849976;0.44545453786849976
0.3594059348106384;0.5544554591178894;0.4455445408821106;0.3594059348106384;0.36666667461395264;0.36666667461395264
0.2777227759361267;0.5049505233764648;0.3366336524486542;0.2777227759361267;0.30000001192092896;0.30000001192092896
0.4722772240638733;0.5742574334144592;0.5742574334144592;0.4722772240638733;0.4714285731315613;0.4714285731315613
0.5058109164237976;0.6930692791938782;0.5671852827072144;0.5058109164237976;0.5299999713897705;0.5299999713897705
0.7069306969642639;1.0;1.0;0.7069306969642639;0.7200000286102295;0.7200000286102295
0.26361384987831116;0.3366336524486542;0.3366336524486542;0.26361384987831116;0.2750000059604645;0.2750000059604645
0.42524752020835876;0.6316831707954407;0.5049505233764648;0.42524752020835876;0.44999998807907104;0.44999998807907104
0.6558595895767212;0.8442844152450562;0.8442844152450562;0.6558595895767212;0.7363636493682861;0.7363636493682861
0.13688118755817413;0.19059406220912933;0.19059406220912933;0.13688118755817413;0.14666666090488434;0.14666666090488434
0.6588118672370911;0.8316831588745117;0.8316831588745117;0.6588118672370911;0.6833333373069763;0.6833333373069763
0.8221122026443481;1.0;1.0;0.8221122026443481;0.8666666746139526;0.8666666746139526
0.7673267126083374;1.0;1.0;0.7673267126083374;0.7666666507720947;0.7666666507720947
0.38059404492378235;0.5049505233764648;0.5049505233764648;0.38059404492378235;0.4000000059604645;0.4000000059604645
0.6288071870803833;0.8811880946159363;0.7722772359848022;0.6288071870803833;0.6666666865348816;0.6666666865348816
0.5053748488426208;0.6732673048973083;0.6308345198631287;0.5053748488426208;0.5571428537368774;0.5571428537368774
0.602706253528595;0.7128713130950928;0.7128713130950928;0.602706253528595;0.6142857074737549;0.6142857074737549
0.2390759140253067;0.31683167815208435;0.31683167815208435;0.2390759140253067;0.25;0.25
0.6409240961074829;0.7920792102813721;0.7920792102813721;0.6409240961074829;0.6800000071525574;0.6800000071525574
0.638861358165741;0.7920792102813721;0.7920792102813721;0.638861358165741;0.6600000262260437;0.6600000262260437
0.6099010109901428;0.8118811845779419;0.8118811845779419;0.6099010109901428;0.6181818246841431;0.6181818246841431
0.3462096154689789;0.5445544719696045;0.38143813610076904;0.3462096154689789;0.36000001430511475;0.36000001430511475
0.699999988079071;1.0;1.0;0.699999988079071;0.699999988079071;0.699999988079071
0.3321782052516937;0.4884488582611084;0.4884488582611084;0.3321782052516937;0.3499999940395355;0.3499999940395355
0.4858085811138153;0.7524752616882324;0.3366336524486542;0.4858085811138153;0.550000011920929;0.550000011920929
0.48882603645324707;0.6930692791938782;0.5813295841217041;0.48882603645324707;0.5099999904632568;0.5099999904632568
0.5683168172836304;0.8514851331710815;0.8514851331710815;0.5683168172836304;0.5857142806053162;0.5857142806053162
0.5995461940765381;0.9814356565475464;0.6113861203193665;0.5995461940765381;0.6428571343421936;0.6428571343421936
0.24818481504917145;0.42574256658554077;0.24092409014701843;0.24818481504917145;0.2571428716182709;0.2571428716182709
0.5964521169662476;1.0;0.5998349785804749;0.5964521169662476;0.6555555462837219;0.6555555462837219
0.2693069279193878;0.3366336524486542;0.3366336524486542;0.2693069279193878;0.2666666805744171;0.2666666805744171
0.5738723874092102;0.8415841460227966;0.7623762488365173;0.5738723874092102;0.6153846383094788;0.6153846383094788
0.5408415794372559;0.7920792102813721;0.6695544719696045;0.5408415794372559;0.5699999928474426;0.5699999928474426
0.47293728590011597;0.6633663177490234;0.5049505233764648;0.47293728590011597;0.4833333194255829;0.4833333194255829
0.7616501450538635;1.0;1.0;0.7616501450538635;0.800000011920929;0.800000011920929
0.16732673346996307;0.6633663177490234;0.0;0.16732673346996307;0.1666666716337204;0.1666666716337204
