0.0;0;1;0;0.355621;{'type': 'horse'};[]
0.0;0;1;0;0.044889;{'type': 'automobile'};[]
1.0;1;0;0;0.0447;{};[]
1.0;1;0;0;0.045559;{};[]
0.0;0;1;0;0.04555;{'type': 'airplane'};[]
0.0;0;1;0;0.045419;{'type': 'horse'};[]
1.0;1;0;0;0.045491;{};[]
1.0;1;0;0;0.045772;{};[]
1.0;1;0;0;0.045481;{};[]
0.0;0;1;0;0.045884;{'type': 'horse'};[]
0.0;0;1;0;0.045815;{'type': 'frog'};[]
1.0;1;0;0;0.044789;{};[]
1.0;1;0;0;0.045379;{};[]
0.0;0;1;0;0.060835;{'type': 'deer'};[]
0.0;0;1;0;0.045567;{'type': 'airplane'};[]
0.0;0;1;0;0.045295;{'type': 'automobile'};[]
1.0;1;0;0;0.045281;{};[]
0;0;0;1;0.045649;{};[]
0.0;0;1;0;0.0466;{'type': 'airplane'};[]
0.0;0;1;0;0.045759;{'type': 'airplane'};[]
0.0;0;1;0;0.045727;{'type': 'bird'};[]
0.0;0;1;0;0.045877;{'type': 'frog'};[]
0.0;0;1;0;0.04549;{'type': 'automobile'};[]
1.0;1;0;0;0.046344;{};[]
1.0;1;0;0;0.045529;{};[]
1.0;1;0;0;0.045841;{};[]
0.0;0;1;0;0.046027;{'type': 'horse'};[]
1.0;1;0;0;0.046142;{};[]
0.0;0;1;0;0.045739;{'type': 'bird'};[]
1.0;1;0;0;0.045537;{};[]
1.0;1;0;0;0.045557;{};[]
0;0;0;1;0.045616;{};[]
1.0;1;0;0;0.045867;{};[]
1.0;1;0;0;0.04582;{};[]
1.0;1;0;0;0.045688;{};[]
1.0;1;0;0;0.045523;{};[]
0.0;0;1;0;0.04578;{'type': 'dog'};[]
0;0;0;1;0.045586;{};[]
0.0;0;1;0;0.045885;{'type': 'deer'};[]
0.0;0;1;0;0.045983;{'type': 'horse'};[]
1.0;1;0;0;0.045844;{};[]
0.0;0;1;0;0.045525;{'type': 'deer'};[]
1.0;1;0;0;0.045843;{};[]
0.0;0;1;0;0.046029;{'type': 'ship'};[]
1.0;1;0;0;0.045514;{};[]
0.0;0;1;0;0.045851;{'type': 'frog'};[]
0.0;0;1;0;0.04559;{'type': 'cat'};[]
0.0;0;1;0;0.045453;{'type': 'deer'};[]
1.0;1;0;0;0.045341;{};[]
1.0;1;0;0;0.045843;{};[]
0.0;0;1;0;0.04535;{'type': 'frog'};[]
0;0;0;1;0.045589;{};[]
0;0;0;1;0.04671;{};[]
0.0;0;1;0;0.045874;{'type': 'automobile'};[]
0.0;0;1;0;0.045734;{'type': 'deer'};[]
0.0;0;1;0;0.045983;{'type': 'frog'};[]
0.0;0;1;0;0.045386;{'type': 'airplane'};[]
0.0;0;1;0;0.04519;{'type': 'automobile'};[]
1.0;1;0;0;0.045415;{};[]
1.0;1;0;0;0.045116;{};[]
0.0;0;1;0;0.046029;{'type': 'truck'};[]
1.0;1;0;0;0.045507;{};[]
1.0;1;0;0;0.045412;{};[]
0.0;0;1;0;0.045454;{'type': 'bird'};[]
0.0;0;1;0;0.045838;{'type': 'frog'};[]
1.0;1;0;0;0.045495;{};[]
1.0;1;0;0;0.045616;{};[]
0.0;0;1;0;0.045781;{'type': 'horse'};[]
0.0;0;1;0;0.045372;{'type': 'automobile'};[]
0.0;0;1;0;0.045733;{'type': 'dog'};[]
0.0;0;1;0;0.045028;{'type': 'deer'};[]
1.0;1;0;0;0.045788;{};[]
0;0;0;1;0.045326;{};[]
0.0;0;1;0;0.045542;{'type': 'automobile'};[]
0.0;0;1;0;0.045825;{'type': 'automobile'};[]
0.0;0;1;0;0.045513;{'type': 'ship'};[]
0;0;0;1;0.045466;{};[]
0;0;0;1;0.045902;{};[]
1.0;1;0;0;0.04634;{};[]
0.0;0;1;0;0.045596;{'type': 'horse'};[]
1.0;1;0;0;0.045441;{};[]
1.0;1;0;0;0.045357;{};[]
1.0;1;0;0;0.045569;{};[]
0.0;0;1;0;0.045299;{'type': 'automobile'};[]
0.0;0;1;0;0.045845;{'type': 'frog'};[]
1.0;1;0;0;0.046022;{};[]
0.0;0;1;0;0.045264;{'type': 'automobile'};[]
0.0;0;1;0;0.045603;{'type': 'frog'};[]
0.0;0;1;0;0.045831;{'type': 'bird'};[]
0.0;0;1;0;0.046038;{'type': 'horse'};[]
1.0;1;0;0;0.045536;{};[]
0.0;0;1;0;0.04558;{'type': 'automobile'};[]
0.0;0;1;0;0.045221;{'type': 'airplane'};[]
1.0;1;0;0;0.045383;{};[]
0.0;0;1;0;0.045535;{'type': 'airplane'};[]
0.0;0;1;0;0.045898;{'type': 'airplane'};[]
0.0;0;1;0;0.045947;{'type': 'airplane'};[]
1.0;1;0;0;0.045461;{};[]
1.0;1;0;0;0.045448;{};[]
1.0;1;0;0;0.045528;{};[]
1.0;1;0;0;0.045838;{};[]
1.0;1;0;0;0.045956;{};[]
0;0;0;1;0.045393;{};[]
