0.3289957642555237;0.5346534848213196;0.3210749626159668;0.3289957642555237;0.36153846979141235;0.36153846979141235
0.472827285528183;0.7524752616882324;0.5665566325187683;0.472827285528183;0.5;0.5
0.17487624287605286;0.22524753212928772;0.22524753212928772;0.17487624287605286;0.1899999976158142;0.1899999976158142
0.5544554591178894;0.7128713130950928;0.7128713130950928;0.5544554591178894;0.5727272629737854;0.5727272629737854
0.5956545472145081;0.7524752616882324;0.7524752616882324;0.5956545472145081;0.6499999761581421;0.6499999761581421
0.5008251070976257;0.6633663177490234;0.6633663177490234;0.5008251070976257;0.5222222208976746;0.5222222208976746
0.6238036155700684;0.9174917340278625;0.7945544719696045;0.6238036155700684;0.699999988079071;0.699999988079071
0.7792079448699951;1.0;1.0;0.7792079448699951;0.7799999713897705;0.7799999713897705
0.5148515105247498;0.6633663177490234;0.6633663177490234;0.5148515105247498;0.5166666507720947;0.5166666507720947
0.5939992070198059;0.8604860305786133;0.7572007179260254;0.5939992070198059;0.6545454263687134;0.6545454263687134
0.699108898639679;0.9282178282737732;0.7689769268035889;0.699108898639679;0.8142856955528259;0.8142856955528259
0.6553217768669128;0.8841584324836731;0.8841584324836731;0.6553217768669128;0.7833333611488342;0.7833333611488342
0.6831682920455933;1.0;0.8316831588745117;0.6831682920455933;0.6833333373069763;0.6833333373069763
0.4104785621166229;0.5684818625450134;0.4207920730113983;0.4104785621166229;0.46666666865348816;0.46666666865348816
0.691815197467804;0.9009901285171509;0.9009901285171509;0.691815197467804;0.8199999928474426;0.8199999928474426
0.5988008975982666;0.7750275135040283;0.6442244052886963;0.5988008975982666;0.6875;0.6875
0.5811660885810852;0.8316831588745117;0.6006600856781006;0.5811660885810852;0.625;0.625
0.5170438289642334;0.7920792102813721;0.7920792102813721;0.5170438289642334;0.5299999713897705;0.5299999713897705
0.5018151998519897;0.8514851331710815;0.6650164723396301;0.5018151998519897;0.5285714268684387;0.5285714268684387
0.7075907588005066;0.9471946954727173;0.8316831588745117;0.7075907588005066;0.7571428418159485;0.7571428418159485
0.7672854661941528;0.9641088843345642;0.9641088843345642;0.7672854661941528;0.8142856955528259;0.8142856955528259
0.43458274006843567;0.6817538738250732;0.4200848639011383;0.43458274006843567;0.512499988079071;0.512499988079071
0.6414427161216736;0.8712871074676514;0.8712871074676514;0.6414427161216736;0.675000011920929;0.675000011920929
0.574717104434967;0.8254950642585754;0.5643564462661743;0.574717104434967;0.675000011920929;0.675000011920929
0.7755940556526184;1.0;0.8564356565475464;0.7755940556526184;0.8125;0.8125
0.7037246823310852;0.9759547114372253;0.9759547114372253;0.7037246823310852;0.7333333492279053;0.7333333492279053
0.657365620136261;0.8811880946159363;0.8811880946159363;0.657365620136261;0.6888889074325562;0.6888889074325562
0.49589109420776367;0.6113861203193665;0.6113861203193665;0.49589109420776367;0.5363636612892151;0.5363636612892151
0.6626237630844116;0.8712871074676514;0.7524752616882324;0.6626237630844116;0.6875;0.6875
0.4760231077671051;0.7211220860481262;0.48872387409210205;0.4760231077671051;0.5400000214576721;0.5400000214576721
0.2966996729373932;0.42574256658554077;0.3448844850063324;0.2966996729373932;0.3142857253551483;0.3142857253551483
0.7049917578697205;0.9814356565475464;0.8168317079544067;0.7049917578697205;0.7571428418159485;0.7571428418159485
0.39752474427223206;0.5346534848213196;0.45792078971862793;0.39752474427223206;0.40666666626930237;0.40666666626930237
0.29425743222236633;0.43316832184791565;0.36716172099113464;0.29425743222236633;0.3266666531562805;0.3266666531562805
0.29731258749961853;0.4130127429962158;0.4130127429962158;0.29731258749961853;0.40909090638160706;0.40909090638160706
0.47729843854904175;0.6541725397109985;0.6541725397109985;0.47729843854904175;0.6000000238418579;0.6000000238418579
0.4059170186519623;0.5388967394828796;0.4554455578327179;0.4059170186519623;0.4699999988079071;0.4699999988079071
0.6371617317199707;0.7722772359848022;0.7722772359848022;0.6371617317199707;0.6555555462837219;0.6555555462837219
0.6650243401527405;0.8690869212150574;0.7722772359848022;0.6650243401527405;0.699999988079071;0.699999988079071
0.35445544123649597;0.5049505233764648;0.5049505233764648;0.35445544123649597;0.3499999940395355;0.3499999940395355
0.5945544838905334;0.8514851331710815;0.7128713130950928;0.5945544838905334;0.6000000238418579;0.6000000238418579
0.23102310299873352;0.3333333432674408;0.24092409014701843;0.23102310299873352;0.26428571343421936;0.26428571343421936
0.6232673525810242;0.8316831588745117;0.8036303520202637;0.6232673525810242;0.6333333253860474;0.6333333253860474
0.49653464555740356;0.6633663177490234;0.5742574334144592;0.49653464555740356;0.5333333611488342;0.5333333611488342
0.5995599627494812;0.7480748295783997;0.7480748295783997;0.5995599627494812;0.644444465637207;0.644444465637207
0.36790600419044495;0.5157944560050964;0.47364023327827454;0.36790600419044495;0.40909090638160706;0.40909090638160706
0.8264026641845703;1.0;0.8564356565475464;0.8264026641845703;0.8500000238418579;0.8500000238418579
0.3957645893096924;0.5495049357414246;0.5495049357414246;0.3957645893096924;0.5;0.5
0.371917188167572;0.5445544719696045;0.4554455578327179;0.371917188167572;0.6000000238418579;0.6000000238418579
0.7278217673301697;0.9282178282737732;0.9282178282737732;0.7278217673301697;0.8142856955528259;0.8142856955528259
0.5188769102096558;0.7821782231330872;0.5451545119285583;0.5188769102096558;0.5785714387893677;0.5785714387893677
0.4264686405658722;0.7340877056121826;0.47920793294906616;0.4264686405658722;0.4749999940395355;0.4749999940395355
0.5562993288040161;0.7570449113845825;0.6996699571609497;0.5562993288040161;0.6000000238418579;0.6000000238418579
0.5595559477806091;0.7326732873916626;0.7326732873916626;0.5595559477806091;0.5733333230018616;0.5733333230018616
0.524727463722229;0.7430742979049683;0.6710671186447144;0.5294279456138611;0.5799999833106995;0.5799999833106995
0.7588861584663391;0.9881188273429871;0.9881188273429871;0.7588861584663391;0.7888888716697693;0.7888888716697693
0.4732673168182373;0.6782178282737732;0.6782178282737732;0.4732673168182373;0.6111111044883728;0.6111111044883728
0.6698019504547119;0.8811880946159363;0.7178217768669128;0.6698019504547119;0.7222222089767456;0.7222222089767456
0.46845826506614685;0.6782178282737732;0.5356435775756836;0.5004950761795044;0.48750001192092896;0.5199999809265137
0.6087788939476013;0.8514851331710815;0.8514851331710815;0.6087788939476013;0.75;0.75
0.5217401385307312;0.8514851331710815;0.5539053678512573;0.5217401385307312;0.5809524059295654;0.5809524059295654
0.7414191365242004;0.9653465151786804;0.9653465151786804;0.7414191365242004;0.8199999928474426;0.8199999928474426
0.7971947193145752;1.0;1.0;0.7971947193145752;0.8166666626930237;0.8166666626930237
0.6315511465072632;0.9579207897186279;0.6316831707954407;0.6315511465072632;0.6833333373069763;0.6833333373069763
0.4230858087539673;0.6225247383117676;0.42574256658554077;0.4230858087539673;0.44545453786849976;0.44545453786849976
0.2835926413536072;0.43422913551330566;0.3564356565475464;0.2835926413536072;0.36666667461395264;0.36666667461395264
0.2777227759361267;0.5049505233764648;0.3366336524486542;0.2777227759361267;0.30000001192092896;0.30000001192092896
0.4722772240638733;0.5742574334144592;0.5742574334144592;0.4722772240638733;0.4714285731315613;0.4714285731315613
0.49843233823776245;0.6806930899620056;0.5552805066108704;0.49843233823776245;0.5299999713897705;0.5299999713897705
0.6595709323883057;0.9323432445526123;0.9323432445526123;0.6595709323883057;0.7200000286102295;0.7200000286102295
0.19075907766819;0.2458745837211609;0.2458745837211609;0.19075907766819;0.2750000059604645;0.2750000059604645
0.42524752020835876;0.6316831707954407;0.5049505233764648;0.42524752020835876;0.44999998807907104;0.44999998807907104
0.6474752426147461;0.8326732516288757;0.8326732516288757;0.6474752426147461;0.7363636493682861;0.7363636493682861
0.12960396707057953;0.18019801378250122;0.18019801378250122;0.12960396707057953;0.14666666090488434;0.14666666090488434
0.6588118672370911;0.8316831588745117;0.8316831588745117;0.6588118672370911;0.6833333373069763;0.6833333373069763
0.8221122026443481;1.0;1.0;0.8221122026443481;0.8666666746139526;0.8666666746139526
0.7673267126083374;1.0;1.0;0.7673267126083374;0.7666666507720947;0.7666666507720947
0.3316831588745117;0.43894389271736145;0.43894389271736145;0.3316831588745117;0.4000000059604645;0.4000000059604645
0.6251767873764038;0.8690869212150574;0.7722772359848022;0.6251767873764038;0.6666666865348816;0.6666666865348816
0.4924681782722473;0.6608911156654358;0.6051980257034302;0.4924681782722473;0.5571428537368774;0.5571428537368774
0.5828382968902588;0.6897689700126648;0.6897689700126648;0.5828382968902588;0.6142857074737549;0.6142857074737549
0.2390759140253067;0.31683167815208435;0.31683167815208435;0.2390759140253067;0.25;0.25
0.6409240961074829;0.7920792102813721;0.7920792102813721;0.6409240961074829;0.6800000071525574;0.6800000071525574
0.638861358165741;0.7920792102813721;0.7920792102813721;0.638861358165741;0.6600000262260437;0.6600000262260437
0.6099010109901428;0.8118811845779419;0.8118811845779419;0.6099010109901428;0.6181818246841431;0.6181818246841431
0.3397689759731293;0.5330032706260681;0.37458744645118713;0.3397689759731293;0.36000001430511475;0.36000001430511475
0.699999988079071;1.0;1.0;0.699999988079071;0.699999988079071;0.699999988079071
0.32510608434677124;0.47666195034980774;0.47666195034980774;0.32510608434677124;0.3499999940395355;0.3499999940395355
0.4858085811138153;0.7524752616882324;0.3366336524486542;0.4858085811138153;0.550000011920929;0.550000011920929
0.48882603645324707;0.6930692791938782;0.5813295841217041;0.48882603645324707;0.5099999904632568;0.5099999904632568
0.5475247502326965;0.8168317079544067;0.8168317079544067;0.5475247502326965;0.5857142806053162;0.5857142806053162
0.5349835157394409;0.8688119053840637;0.5577557682991028;0.5349835157394409;0.6428571343421936;0.6428571343421936
0.24818481504917145;0.42574256658554077;0.24092409014701843;0.24818481504917145;0.2571428716182709;0.2571428716182709
0.5802708864212036;0.9662966132164001;0.5907590985298157;0.5802708864212036;0.6555555462837219;0.6555555462837219
0.1346534639596939;0.1683168262243271;0.1683168262243271;0.1346534639596939;0.2666666805744171;0.2666666805744171
0.563527524471283;0.8230977058410645;0.7560756206512451;0.563527524471283;0.6153846383094788;0.6153846383094788
0.5126787424087524;0.7491748929023743;0.6347634792327881;0.5126787424087524;0.5699999928474426;0.5699999928474426
0.47293728590011597;0.6633663177490234;0.5049505233764648;0.47293728590011597;0.4833333194255829;0.4833333194255829
0.6887376308441162;0.9034653306007385;0.9034653306007385;0.6887376308441162;0.800000011920929;0.800000011920929
0.15643563866615295;0.5544554591178894;0.0;0.15643563866615295;0.1666666716337204;0.1666666716337204
