0;0;0;1;0.058558;{};[]
0;0;0;1;0.03152;{};[]
1.0;1;0;0;0.031522;{};[]
0;0;0;1;0.029422;{};[]
0;0;0;1;0.031524;{};[]
0.0;0;1;0;0.030518;{'type': 'automobile'};[]
0;0;0;1;0.030521;{};[]
0.0;0;1;0;0.031522;{'type': 'truck'};[]
0;0;0;1;0.030514;{};[]
0;0;0;1;0.030524;{};[]
0.0;0;1;0;0.031518;{'type': 'frog'};[]
0;0;0;1;0.03202;{};[]
0.0;0;1;0;0.031521;{'type': 'automobile'};[]
0;0;0;1;0.030518;{};[]
0.0;0;1;0;0.031523;{'type': 'automobile'};[]
0.0;0;1;0;0.030529;{'type': 'automobile'};[]
0;0;0;1;0.03052;{};[]
0;0;0;1;0.03202;{};[]
0;0;0;1;0.031041;{};[]
0.0;0;1;0;0.03152;{'type': 'automobile'};[]
0;0;0;1;0.030083;{};[]
0;0;0;1;0.031524;{};[]
0.0;0;1;0;0.029517;{'type': 'automobile'};[]
0;0;0;1;0.030516;{};[]
0;0;0;1;0.031521;{};[]
0;0;0;1;0.031437;{};[]
0.0;0;1;0;0.031028;{'type': 'automobile'};[]
0;0;0;1;0.030516;{};[]
0.0;0;1;0;0.032021;{'type': 'automobile'};[]
0.0;0;1;0;0.029518;{'type': 'automobile'};[]
1.0;1;0;0;0.030516;{};[]
0;0;0;1;0.030022;{};[]
0.0;0;1;0;0.030521;{'type': 'automobile'};[]
0;0;0;1;0.031519;{};[]
0.0;0;1;0;0.031025;{'type': 'frog'};[]
0;0;0;1;0.029517;{};[]
0.0;0;1;0;0.030522;{'type': 'automobile'};[]
0.0;0;1;0;0.030022;{'type': 'automobile'};[]
0;0;0;1;0.030518;{};[]
0.0;0;1;0;0.031518;{'type': 'automobile'};[]
0.0;0;1;0;0.030516;{'type': 'airplane'};[]
0;0;0;1;0.029956;{};[]
0.0;0;1;0;0.032023;{'type': 'automobile'};[]
1.0;1;0;0;0.02952;{};[]
1.0;1;0;0;0.031024;{};[]
1.0;1;0;0;0.030427;{};[]
0;0;0;1;0.030521;{};[]
0;0;0;1;0.031025;{};[]
1.0;1;0;0;0.03152;{};[]
0;0;0;1;0.031024;{};[]
0;0;0;1;0.031024;{};[]
0;0;0;1;0.030525;{};[]
0.0;0;1;0;0.031519;{'type': 'automobile'};[]
0.0;0;1;0;0.031025;{'type': 'automobile'};[]
0;0;0;1;0.030516;{};[]
0.0;0;1;0;0.031044;{'type': 'frog'};[]
0.0;0;1;0;0.031023;{'type': 'truck'};[]
0;0;0;1;0.031522;{};[]
0.0;0;1;0;0.03152;{'type': 'airplane'};[]
1.0;1;0;0;0.030524;{};[]
0;0;0;1;0.030034;{};[]
1.0;1;0;0;0.030516;{};[]
1.0;1;0;0;0.030517;{};[]
0.0;0;1;0;0.031021;{'type': 'automobile'};[]
0.0;0;1;0;0.030521;{'type': 'frog'};[]
1.0;1;0;0;0.030517;{};[]
1.0;1;0;0;0.032562;{};[]
0;0;0;1;0.030519;{};[]
0.0;0;1;0;0.030519;{'type': 'automobile'};[]
0.0;0;1;0;0.030607;{'type': 'automobile'};[]
0.0;0;1;0;0.03002;{'type': 'frog'};[]
0;0;0;1;0.030514;{};[]
0;0;0;1;0.03152;{};[]
0.0;0;1;0;0.031524;{'type': 'automobile'};[]
0.0;0;1;0;0.029516;{'type': 'automobile'};[]
0;0;0;1;0.029525;{};[]
0;0;0;1;0.031518;{};[]
0;0;0;1;0.031305;{};[]
0.0;0;1;0;0.031519;{'type': 'automobile'};[]
0;0;0;1;0.031922;{};[]
0.0;0;1;0;0.031521;{'type': 'dog'};[]
1.0;1;0;0;0.030519;{};[]
1.0;1;0;0;0.031519;{};[]
0;0;0;1;0.030517;{};[]
0;0;0;1;0.032021;{};[]
0;0;0;1;0.031447;{};[]
0;0;0;1;0.031518;{};[]
0;0;0;1;0.031522;{};[]
0.0;0;1;0;0.031351;{'type': 'dog'};[]
0;0;0;1;0.030515;{};[]
0;0;0;1;0.031516;{};[]
0.0;0;1;0;0.031632;{'type': 'automobile'};[]
0;0;0;1;0.031521;{};[]
0;0;0;1;0.031517;{};[]
0.0;0;1;0;0.030519;{'type': 'automobile'};[]
0;0;0;1;0.030519;{};[]
0;0;0;1;0.031432;{};[]
0;0;0;1;0.031517;{};[]
1.0;1;0;0;0.031521;{};[]
1.0;1;0;0;0.031525;{};[]
1.0;1;0;0;0.030083;{};[]
1.0;1;0;0;0.030047;{};[]
0.0;0;1;0;0.030518;{'type': 'automobile'};[]
