0.0;0;1;0;0.789842;{'type': 'deer'};[]
0.0;0;1;0;0.047;{'type': 'ship'};[]
1.0;1;0;0;0.0445;{};[]
1.0;1;0;0;0.045989;{};[]
0.0;0;1;0;0.045826;{'type': 'airplane'};[]
0.0;0;1;0;0.0455;{'type': 'airplane'};[]
1.0;1;0;0;0.045895;{};[]
0;0;0;1;0.045695;{};[]
1.0;1;0;0;0.046169;{};[]
0.0;0;1;0;0.060628;{'type': 'ship'};[]
0.0;0;1;0;0.046079;{'type': 'ship'};[]
0.0;0;1;0;0.045201;{'type': 'cat'};[]
0.0;0;1;0;0.061504;{'type': 'airplane'};[]
0.0;0;1;0;0.045117;{'type': 'deer'};[]
0.0;0;1;0;0.045249;{'type': 'automobile'};[]
1.0;1;0;0;0.045696;{};[]
1.0;1;0;0;0.04517;{};[]
0;0;0;1;0.045698;{};[]
0.0;0;1;0;0.046172;{'type': 'airplane'};[]
0.0;0;1;0;0.045232;{'type': 'automobile'};[]
1.0;1;0;0;0.060973;{};[]
0.0;0;1;0;0.045744;{'type': 'frog'};[]
0.0;0;1;0;0.04612;{'type': 'bird'};[]
1.0;1;0;0;0.060486;{};[]
1.0;1;0;0;0.04525;{};[]
1.0;1;0;0;0.045996;{};[]
0;0;0;1;0.044999;{};[]
1.0;1;0;0;0.046002;{};[]
0.0;0;1;0;0.04537;{'type': 'bird'};[]
0.0;0;1;0;0.077053;{'type': 'ship'};[]
1.0;1;0;0;0.045231;{};[]
0;0;0;1;0.045869;{};[]
0;0;0;1;0.045394;{};[]
1.0;1;0;0;0.046077;{};[]
1.0;1;0;0;0.045671;{};[]
1.0;1;0;0;0.04519;{};[]
0.0;0;1;0;0.045672;{'type': 'dog'};[]
1.0;1;0;0;0.046123;{};[]
0.0;0;1;0;0.045243;{'type': 'bird'};[]
0.0;0;1;0;0.046079;{'type': 'horse'};[]
1.0;1;0;0;0.045137;{};[]
0.0;0;1;0;0.045258;{'type': 'deer'};[]
0.0;0;1;0;0.061098;{'type': 'airplane'};[]
0.0;0;1;0;0.044954;{'type': 'airplane'};[]
1.0;1;0;0;0.044944;{};[]
1.0;1;0;0;0.045485;{};[]
1.0;1;0;0;0.061486;{};[]
0.0;0;1;0;0.045324;{'type': 'frog'};[]
1.0;1;0;0;0.045598;{};[]
1.0;1;0;0;0.045664;{};[]
0.0;0;1;0;0.045521;{'type': 'automobile'};[]
0.0;0;1;0;0.045348;{'type': 'airplane'};[]
1.0;1;0;0;0.0452;{};[]
0.0;0;1;0;0.045667;{'type': 'ship'};[]
0.0;0;1;0;0.045521;{'type': 'dog'};[]
0.0;0;1;0;0.045845;{'type': 'frog'};[]
0.0;0;1;0;0.0452;{'type': 'bird'};[]
0;0;0;1;0.045169;{};[]
1.0;1;0;0;0.045949;{};[]
0.0;0;1;0;0.045822;{'type': 'airplane'};[]
1.0;1;0;0;0.045366;{};[]
1.0;1;0;0;0.045364;{};[]
1.0;1;0;0;0.045253;{};[]
0.0;0;1;0;0.0457;{'type': 'cat'};[]
0.0;0;1;0;0.045666;{'type': 'frog'};[]
1.0;1;0;0;0.045197;{};[]
1.0;1;0;0;0.045671;{};[]
0.0;0;1;0;0.045841;{'type': 'horse'};[]
1.0;1;0;0;0.044875;{};[]
0;0;0;1;0.045666;{};[]
0.0;0;1;0;0.046436;{'type': 'deer'};[]
1.0;1;0;0;0.045432;{};[]
0;0;0;1;0.045203;{};[]
0.0;0;1;0;0.045663;{'type': 'automobile'};[]
0.0;0;1;0;0.045702;{'type': 'cat'};[]
0;0;0;1;0.045167;{};[]
0.0;0;1;0;0.046195;{'type': 'frog'};[]
0;0;0;1;0.04517;{};[]
1.0;1;0;0;0.04652;{};[]
0.0;0;1;0;0.045479;{'type': 'dog'};[]
1.0;1;0;0;0.045579;{};[]
1.0;1;0;0;0.045591;{};[]
1.0;1;0;0;0.045586;{};[]
0.0;0;1;0;0.045198;{'type': 'automobile'};[]
0.0;0;1;0;0.045783;{'type': 'cat'};[]
1.0;1;0;0;0.045085;{};[]
0.0;0;1;0;0.045665;{'type': 'automobile'};[]
0.0;0;1;0;0.045139;{'type': 'automobile'};[]
0.0;0;1;0;0.045725;{'type': 'airplane'};[]
0.0;0;1;0;0.045529;{'type': 'horse'};[]
1.0;1;0;0;0.045335;{};[]
0.0;0;1;0;0.045862;{'type': 'automobile'};[]
0.0;0;1;0;0.045859;{'type': 'bird'};[]
1.0;1;0;0;0.046607;{};[]
0.0;0;1;0;0.045352;{'type': 'airplane'};[]
1.0;1;0;0;0.045576;{};[]
0.0;0;1;0;0.04536;{'type': 'bird'};[]
0;0;0;1;0.045508;{};[]
0;0;0;1;0.046046;{};[]
0.0;0;1;0;0.045821;{'type': 'automobile'};[]
1.0;1;0;0;0.045694;{};[]
1.0;1;0;0;0.045172;{};[]
1.0;1;0;0;0.045619;{};[]
