0 0.32439999999999997 0.7730222222222223 0.1164 0.4457222222222222
0 0.08808615384615384 0.3431 0.09830153846153847 0.41934444444444446
0 0.35507692307692307 0.2389888888888889 0.0648923076923077 0.3879777777777778
0 0.786996923076923 0.7209555555555556 0.07438769230769231 0.5418222222222222
0 0.5854276923076923 0.7001888888888889 0.09605538461538461 0.5925222222222222
0 0.23658461538461537 0.2452222222222222 0.06382769230769231 0.38964444444444446
0 0.6928553846153847 0.7551888888888888 0.08567384615384616 0.4771222222222222
0 0.4925476923076923 0.4301333333333333 0.07875692307692309 0.44604444444444447
0 0.5455876923076923 0.20565555555555556 0.06913846153846154 0.3793
0 0.42720615384615385 0.20987777777777777 0.06376615384615385 0.37441111111111114
0 0.8168 0.33634444444444445 0.07003076923076923 0.4095666666666667