0 0.5096923076923077 0.17207777777777777 0.07422153846153846 0.3441444444444445
0 0.5651138461538461 0.4216222222222222 0.07448615384615385 0.39396666666666663
0 0.44326769230769225 0.1819111111111111 0.07444307692307692 0.35054444444444444
0 0.7754953846153847 0.6703555555555556 0.09939076923076923 0.5196555555555555
0 0.6386707692307692 0.6128111111111111 0.12087384615384615 0.5810444444444445
0 0.33676307692307694 0.5387555555555555 0.12291692307692308 0.5539
0 0.9192246153846154 0.8665 0.1177046153846154 0.267
0 0.7037969230769231 0.5703111111111111 0.09697846153846154 0.4678777777777777
0 0.2648615384615384 0.49552222222222225 0.08645538461538461 0.4603888888888889
0 0.85848 0.5692111111111111 0.08570461538461539 0.4644
0 0.04995692307692308 0.7093333333333333 0.09424615384615385 0.5813444444444444
0 0.37389538461538463 0.2030777777777778 0.07688 0.3816222222222222
0 0.4300184615384615 0.8660888888888889 0.13212307692307693 0.26782222222222224
0 0.8895323076923077 0.5989777777777778 0.09663999999999999 0.47351111111111116
0 0.14664 0.5081444444444444 0.08355692307692308 0.4571888888888889
0 0.10676923076923077 0.22942222222222222 0.09243076923076922 0.24639999999999998
0 0.6771323076923076 0.23407777777777777 0.09345846153846155 0.1623888888888889