0 0.2711692307692308 0.31285555555555555 0.08682461538461539 0.3688777777777778
0 0.6625415384615385 0.6201222222222222 0.13348307692307693 0.5899
0 0.9050276923076923 0.6286222222222222 0.08790153846153846 0.5373888888888889
0 0.7621784615384615 0.6735333333333333 0.09720615384615384 0.5143555555555556
0 0.45358769230769236 0.17845555555555556 0.06472 0.35606666666666664
0 0.52872 0.43696666666666667 0.08195076923076923 0.3881444444444444
0 0.16596307692307694 0.3710333333333333 0.09569230769230769 0.4335
0 0.5872984615384615 0.3685888888888889 0.07604307692307692 0.37722222222222224
0 0.12364923076923078 0.10917777777777779 0.06308307692307692 0.21835555555555558
0 0.8600676923076922 0.12924444444444444 0.07169846153846154 0.2585
0 0.038867692307692304 0.4639111111111111 0.07477538461538462 0.4247222222222222
0 0.05068307692307692 0.23364444444444443 0.07871384615384615 0.23084444444444444