0 0.38041230769230766 0.2734 0.10001230769230769 0.47713333333333335
0 0.9199138461538461 0.6627 0.11136 0.5662333333333334
0 0.4773661538461539 0.6797888888888888 0.09594461538461538 0.6068555555555555
0 0.44390769230769234 0.1305888888888889 0.08156923076923078 0.2579333333333333
0 0.6631076923076923 0.6257333333333333 0.08055999999999999 0.5246333333333334
0 0.7856061538461537 0.7274111111111111 0.09121846153846153 0.5103444444444445
0 0.5671200000000001 0.6188222222222223 0.09727384615384616 0.5203666666666666
0 0.96168 0.13906666666666667 0.07663384615384615 0.2724
0 0.12138461538461538 0.7812111111111112 0.0941846153846154 0.43758888888888886
0 0.030504615384615383 0.7398777777777777 0.06101538461538462 0.5139222222222222
0 0.08593846153846155 0.4193222222222222 0.12976615384615384 0.4360777777777778