0 0.5720061538461538 0.11994444444444445 0.07152 0.2255222222222222
0 0.7461476923076923 0.6872222222222222 0.10021538461538461 0.5694
0 0.2469169230769231 0.49456666666666665 0.09718769230769231 0.4788
0 0.5943938461538462 0.6325111111111111 0.13548307692307693 0.6554111111111112
0 0.8685353846153846 0.6225555555555555 0.08024615384615386 0.6009777777777777
0 0.046646153846153844 0.16155555555555556 0.08542153846153847 0.31856666666666666
0 0.1325230769230769 0.5575666666666667 0.09247384615384616 0.5055666666666666
0 0.6826892307692307 0.5813333333333334 0.0824 0.4647777777777778
0 0.9695323076923077 0.3175222222222222 0.05452307692307692 0.3754222222222222
0 0.46432615384615383 0.11715555555555555 0.07246769230769232 0.2343222222222222
0 0.8204676923076923 0.5967666666666667 0.07062769230769231 0.5609