0 0.7544123076923077 0.9485111111111111 0.09765538461538462 0.10297777777777778
0 0.7795384615384615 0.6815777777777777 0.09089230769230769 0.4920777777777778
0 0.2656369230769231 0.22048888888888887 0.06958153846153846 0.35054444444444444
0 0.17555076923076923 0.25355555555555553 0.08338461538461539 0.4013777777777778
0 0.8625723076923077 0.9238999999999999 0.10068923076923077 0.1522
0 0.4546646153846154 0.17535555555555554 0.06811076923076924 0.3507111111111111
0 0.5206461538461539 0.1837777777777778 0.0788676923076923 0.3375333333333333
0 0.9042707692307692 0.6414 0.08545846153846154 0.5531888888888888
0 0.3601723076923077 0.19383333333333333 0.0679323076923077 0.38765555555555553
0 0.6630584615384616 0.5819444444444445 0.11208615384615384 0.5763333333333334
0 0.6153107692307692 0.21719999999999998 0.055975384615384614 0.31352222222222226
0 0.7348061538461538 0.5452666666666667 0.10050461538461539 0.47186666666666666
0 0.7375138461538462 0.20586666666666667 0.08131076923076923 0.30062222222222224
0 0.06347692307692308 0.3723444444444445 0.07477538461538462 0.38380000000000003