0 0.2264123076923077 0.46513333333333334 0.0896123076923077 0.42610000000000003
0 0.1420492307692308 0.5545777777777778 0.10691076923076923 0.47681111111111113
0 0.4287630769230769 0.1695111111111111 0.06828307692307692 0.33903333333333335
0 0.8910338461538462 0.6089888888888889 0.07414153846153847 0.5086
0 0.7657723076923078 0.6740222222222222 0.09280615384615384 0.5013222222222222
0 0.04353230769230769 0.7292555555555555 0.08706461538461538 0.5348333333333334
0 0.5788615384615384 0.8240777777777777 0.11740307692307693 0.3511666666666667
0 0.7081353846153846 0.5309888888888888 0.0888676923076923 0.46265555555555554
0 0.6277353846153847 0.5624333333333333 0.09219076923076923 0.5125888888888889
0 0.8397538461538461 0.5464888888888889 0.07106461538461539 0.47307777777777776
0 0.5155938461538462 0.314 0.08887384615384615 0.45803333333333335