0 0.727396923076923 0.7522555555555556 0.14562461538461538 0.49012222222222224
0 0.9083138461538461 0.7933777777777777 0.13347076923076923 0.40144444444444444
0 0.14518153846153845 0.33101111111111114 0.08355692307692308 0.4623
0 0.21172923076923078 0.3690555555555555 0.08292923076923077 0.4744
0 0.45038153846153844 0.3625111111111111 0.07489230769230769 0.38783333333333336
0 0.10955692307692308 0.8959111111111112 0.17176 0.2061777777777778
0 0.5543507692307693 0.8413777777777778 0.10291692307692309 0.3161
0 0.32304615384615387 0.3717 0.0785476923076923 0.4183777777777778
0 0.030436923076923077 0.3666 0.060880000000000004 0.45790000000000003
0 0.42375384615384615 0.6544555555555556 0.10982153846153847 0.36029999999999995
0 0.727396923076923 0.7522555555555556 0.14562461538461538 0.49012222222222224
0 0.9083138461538461 0.7933777777777777 0.13347076923076923 0.40144444444444444
0 0.14518153846153845 0.33101111111111114 0.08355692307692308 0.4623
0 0.21172923076923078 0.3690555555555555 0.08292923076923077 0.4744
0 0.45038153846153844 0.3625111111111111 0.07489230769230769 0.38783333333333336
0 0.10955692307692308 0.8959111111111112 0.17176 0.2061777777777778
0 0.5543507692307693 0.8413777777777778 0.10291692307692309 0.3161
0 0.32304615384615387 0.3717 0.0785476923076923 0.4183777777777778
0 0.030436923076923077 0.3666 0.060880000000000004 0.45790000000000003
0 0.42375384615384615 0.6544555555555556 0.10982153846153847 0.36029999999999995