0 0.5398584615384615 0.2717111111111111 0.08941538461538462 0.3902111111111111
0 0.24192 0.4884555555555556 0.09242461538461538 0.43033333333333335
0 0.9070523076923077 0.6141888888888889 0.07523076923076923 0.5266444444444445
0 0.4382215384615385 0.18203333333333335 0.06695384615384616 0.3563
0 0.5033538461538462 0.784 0.10371692307692307 0.4320111111111111
0 0.04588307692307692 0.6770888888888889 0.0917723076923077 0.5191444444444445
0 0.7132492307692307 0.5579222222222222 0.08324923076923077 0.46792222222222224
0 0.7786953846153847 0.6835666666666667 0.08456615384615383 0.527
0 0.6459199999999999 0.6187 0.08102153846153846 0.5069111111111111
0 0.15432 0.5522222222222222 0.09995076923076922 0.46174444444444446
0 0.13910769230769232 0.14066666666666666 0.060443076923076926 0.2682888888888889
0 0.8469846153846153 0.5661333333333333 0.06795076923076923 0.45441111111111115
0 0.36663999999999997 0.20228888888888888 0.07273846153846154 0.3973777777777778