0 0.3611015384615384 0.8238444444444445 0.1571076923076923 0.35181111111111113
0 0.27151384615384616 0.33553333333333335 0.09511384615384616 0.47765555555555556
0 0.056541538461538456 0.7936111111111112 0.11138461538461539 0.3936
0 0.5123569230769232 0.32868888888888886 0.07648 0.39836666666666665
0 0.5452430769230769 0.26945555555555556 0.09132307692307692 0.4317888888888889
0 0.21187692307692307 0.3081111111111111 0.07115692307692308 0.4731
0 0.48192 0.7363222222222223 0.1762030769230769 0.5273555555555556
0 0.8523323076923077 0.8302222222222223 0.14110153846153844 0.33955555555555555
0 0.3611015384615384 0.8238444444444445 0.1571076923076923 0.35181111111111113
0 0.27151384615384616 0.33553333333333335 0.09511384615384616 0.47765555555555556
0 0.056541538461538456 0.7936111111111112 0.11138461538461539 0.3936
0 0.5123569230769232 0.32868888888888886 0.07648 0.39836666666666665
0 0.5452430769230769 0.26945555555555556 0.09132307692307692 0.4317888888888889
0 0.21187692307692307 0.3081111111111111 0.07115692307692308 0.4731
0 0.48192 0.7363222222222223 0.1762030769230769 0.5273555555555556
0 0.1208676923076923 0.035133333333333336 0.061323076923076925 0.06897777777777778