0 0.58416 0.21802222222222223 0.08076923076923077 0.42714444444444444
0 0.26676307692307694 0.49081111111111114 0.08163076923076923 0.4392111111111111
0 0.7386830769230769 0.5674666666666667 0.08442461538461539 0.4603777777777778
0 0.4631076923076923 0.18244444444444444 0.06300307692307693 0.3648888888888889
0 0.5619692307692308 0.7347111111111111 0.08759384615384616 0.500311111111111
0 0.8026707692307692 0.6882333333333333 0.0915323076923077 0.5324222222222222
0 0.16712615384615384 0.1405 0.06339692307692307 0.2773888888888889
0 0.19016615384615385 0.5549444444444445 0.0916 0.47644444444444445
0 0.9283384615384616 0.6258111111111111 0.08076307692307692 0.5583666666666667
0 0.6638646153846154 0.6381666666666667 0.09064615384615385 0.5796777777777778
0 0.4841969230769231 0.7557333333333333 0.1068553846153846 0.4885333333333333
0 0.8712061538461539 0.5702444444444444 0.06565538461538462 0.47452222222222223
0 0.3902092307692308 0.20475555555555555 0.06743384615384615 0.4027222222222222
0 0.031058461538461538 0.828288888888889 0.062116923076923077 0.3434111111111111