0 0.7660246153846154 0.7059666666666666 0.09337230769230769 0.5127777777777778
0 0.6517846153846154 0.6420888888888889 0.11907076923076923 0.6004111111111111
0 0.4858030769230769 0.6009111111111112 0.09083076923076923 0.4481666666666667
0 0.39021538461538463 0.20598888888888886 0.06424615384615386 0.36970000000000003
0 0.906283076923077 0.6428666666666667 0.08625846153846153 0.5386
0 0.43397538461538465 0.688811111111111 0.07116307692307693 0.4716666666666667
0 0.4511815384615384 0.1827111111111111 0.06001846153846154 0.36541111111111113
0 0.29884923076923076 0.8653555555555557 0.1500923076923077 0.26053333333333334
0 0.8672061538461538 0.12782222222222223 0.05731076923076923 0.2556333333333333
0 0.03744 0.6906111111111111 0.07488615384615384 0.49402222222222225
0 0.6870953846153846 0.2745444444444444 0.09124307692307693 0.25930000000000003
0 0.8054769230769231 0.4063444444444444 0.06708307692307693 0.3229111111111111
0 0.24619076923076924 0.14896666666666666 0.09312 0.22593333333333335