0 0.12555692307692307 0.8001222222222223 0.12190153846153846 0.3977111111111111
0 0.5518092307692308 0.7053222222222222 0.12075692307692307 0.5795888888888889
0 0.9434276923076923 0.5952666666666667 0.10937846153846155 0.5197777777777778
0 0.7690400000000001 0.7267 0.08961846153846154 0.5459777777777778
0 0.6691323076923077 0.7650555555555555 0.10183384615384615 0.46815555555555555
0 0.3381907692307692 0.6301555555555556 0.12339076923076922 0.5859111111111112
0 0.06432 0.42233333333333334 0.0868 0.4675
0 0.14571076923076923 0.4360777777777778 0.10776615384615384 0.4523111111111111
0 0.4668923076923077 0.5541555555555555 0.08898461538461538 0.47186666666666666
0 0.3392738461538462 0.22276666666666667 0.06266461538461539 0.3379666666666667
0 0.26949538461538464 0.2714333333333333 0.06833846153846154 0.36865555555555557
0 0.21952615384615387 0.25743333333333335 0.06195076923076923 0.3895444444444444
0 0.25571076923076924 0.8846333333333333 0.09 0.2306