0 0.1513723076923077 0.13828888888888888 0.08462769230769232 0.27065555555555554
0 0.7611384615384614 0.6811222222222222 0.08898461538461538 0.5180222222222223
0 0.9051938461538462 0.6270444444444445 0.07549538461538462 0.5486555555555556
0 0.07054769230769231 0.17709999999999998 0.07996923076923076 0.3479333333333333
0 0.5533969230769231 0.09856666666666666 0.07133538461538462 0.19713333333333333
0 0.8182338461538462 0.1572777777777778 0.08504 0.31456666666666666
0 0.31374153846153846 0.8746555555555556 0.13844307692307692 0.24824444444444443
0 0.03515076923076923 0.5139555555555556 0.06990769230769231 0.45962222222222227
0 0.6445230769230769 0.6185222222222222 0.10772923076923077 0.5865444444444444
0 0.8688246153846153 0.45792222222222223 0.07089846153846154 0.2720888888888889
0 0.42209846153846153 0.5005888888888889 0.06831384615384616 0.47585555555555553
0 0.26604923076923076 0.4376888888888889 0.07129230769230768 0.39893333333333336
0 0.16648615384615387 0.4950333333333333 0.09124923076923076 0.45139999999999997
0 0.36536 0.34855555555555556 0.07546461538461538 0.3673444444444445
0 0.4982769230769231 0.5934777777777778 0.07544000000000001 0.3149666666666667
0 0.53864 0.3907777777777778 0.08724923076923077 0.28290000000000004
0 0.33004307692307694 0.10184444444444445 0.05159384615384616 0.2028
0 0.46418461538461536 0.8991111111111112 0.09833846153846154 0.20177777777777778