0 0.34465230769230765 0.4580111111111111 0.08597538461538462 0.38325555555555557
0 0.5636 0.7135777777777778 0.10964923076923078 0.5728333333333333
0 0.050006153846153846 0.5737666666666666 0.10001230769230769 0.5285444444444445
0 0.7639199999999999 0.7347333333333333 0.0784123076923077 0.5305333333333333
0 0.6729723076923076 0.7576333333333334 0.08684923076923076 0.48364444444444443
0 0.21384615384615385 0.25495555555555555 0.06436923076923076 0.39627777777777773
0 0.08881846153846154 0.48801111111111106 0.0776 0.46697777777777777
0 0.27601230769230767 0.8846666666666667 0.13799384615384616 0.23066666666666666
0 0.39428307692307696 0.8246666666666668 0.12591384615384615 0.3506666666666667
0 0.61408 0.6428333333333333 0.06828307692307692 0.4758888888888889
0 0.2681415384615385 0.2858888888888889 0.07104615384615384 0.39311111111111113
0 0.33422769230769234 0.18453333333333335 0.07472615384615384 0.2970555555555556