0 0.5188307692307692 0.8753888888888889 0.1627076923076923 0.245
0 0.5231384615384616 0.5559222222222222 0.1305230769230769 0.48306666666666664
0 0.3376 0.3115444444444444 0.09097846153846154 0.42983333333333335
0 0.8506830769230769 0.628 0.11916307692307691 0.5207111111111111
0 0.6317969230769231 0.5514222222222221 0.11774153846153847 0.5025999999999999
0 0.2549046153846154 0.31355555555555553 0.09358153846153845 0.42081111111111114
0 0.033526153846153844 0.5936777777777777 0.06579692307692307 0.5508555555555555
0 0.9585723076923077 0.5787111111111112 0.06867692307692308 0.5438555555555555
0 0.7349292307692308 0.4414666666666667 0.09828923076923077 0.4020444444444444
0 0.7730769230769231 0.7357777777777779 0.14012923076923078 0.5284444444444445
0 0.7986769230769231 0.40234444444444445 0.0928676923076923 0.32380000000000003