0 0.33264 0.8570888888888889 0.1612923076923077 0.27044444444444443
0 0.35357538461538457 0.23574444444444442 0.06489846153846153 0.4041666666666667
0 0.7884061538461539 0.7161 0.08016615384615386 0.5549555555555555
0 0.49734153846153845 0.16848888888888888 0.06519384615384616 0.33697777777777776
0 0.5753107692307692 0.7291111111111112 0.07690461538461539 0.5417777777777778
0 0.6325415384615385 0.6448333333333334 0.08058461538461538 0.49323333333333336
0 0.7312369230769231 0.6770666666666667 0.07614153846153847 0.5176888888888889
0 0.48559384615384615 0.8639666666666668 0.13624 0.24703333333333335
0 0.29139692307692305 0.25965555555555553 0.07769230769230769 0.3851
0 0.23872615384615384 0.25743333333333335 0.06096 0.4073222222222222
0 0.8056923076923077 0.2981111111111111 0.07489846153846154 0.422
0 0.8523384615384615 0.23876666666666665 0.08202461538461538 0.3699777777777778