0 0.9436246153846154 0.7561222222222223 0.10452307692307691 0.4854777777777778
0 0.6039015384615385 0.6831222222222222 0.09814153846153846 0.5984222222222223
0 0.8303261538461538 0.7055666666666667 0.0919076923076923 0.5429111111111111
0 0.7143876923076924 0.7428888888888889 0.09764923076923078 0.5077555555555556
0 0.3180492307692308 0.2322 0.07433846153846153 0.38534444444444443
0 0.38817846153846153 0.20173333333333335 0.06477538461538462 0.3569555555555555
0 0.2559446153846154 0.21416666666666667 0.06455384615384616 0.3829777777777778
0 0.4498215384615385 0.24322222222222223 0.07016615384615385 0.35058888888888884
0 0.40022153846153846 0.6974444444444445 0.11851076923076924 0.4988222222222222
0 0.4518153846153846 0.6157222222222222 0.07360615384615385 0.4661111111111111
0 0.3533723076923077 0.4681222222222222 0.10316923076923078 0.2775888888888889
0 0.5727815384615385 0.2669888888888889 0.06199384615384615 0.3597666666666667