0 0.7674215384615384 0.15564444444444445 0.07856615384615384 0.31053333333333333
0 0.4428246153846154 0.18242222222222224 0.06556923076923077 0.36485555555555554
0 0.8979384615384616 0.6333444444444445 0.07506461538461538 0.5630111111111111
0 0.7568984615384615 0.6890333333333333 0.08972923076923077 0.5204777777777778
0 0.1630523076923077 0.18966666666666665 0.0721476923076923 0.2998111111111111
0 0.34763076923076924 0.8674888888888889 0.11548923076923076 0.26232222222222223
0 0.4367015384615385 0.7641777777777777 0.10141538461538462 0.47163333333333335
0 0.21510153846153848 0.8625555555555555 0.12059692307692307 0.2685444444444444
0 0.27625846153846156 0.594388888888889 0.0941846153846154 0.5123333333333333
0 0.5673107692307692 0.8115222222222223 0.10275076923076923 0.3732666666666667
0 0.6407815384615384 0.5946111111111111 0.11923076923076924 0.5261111111111111
0 0.7674215384615384 0.15564444444444445 0.07856615384615384 0.31053333333333333
0 0.4428246153846154 0.18242222222222224 0.06556923076923077 0.36485555555555554
0 0.8979384615384616 0.6333444444444445 0.07506461538461538 0.5630111111111111
0 0.7568984615384615 0.6890333333333333 0.08972923076923077 0.5204777777777778