0 0.5193046153846154 0.8324777777777778 0.16425846153846155 0.3288333333333333
0 0.6398892307692308 0.8163666666666667 0.14849846153846155 0.3450888888888889
0 0.9444553846153846 0.6128888888888889 0.10702153846153846 0.5524888888888889
0 0.3158830769230769 0.17402222222222222 0.07071384615384615 0.34804444444444443
0 0.6915015384615385 0.5944 0.13857846153846154 0.5901444444444445
0 0.8158523076923077 0.6629222222222222 0.11332307692307693 0.5596111111111111
0 0.5193046153846154 0.8324777777777778 0.16425846153846155 0.3288333333333333
0 0.6398892307692308 0.8163666666666667 0.14849846153846155 0.3450888888888889
0 0.9444553846153846 0.6128888888888889 0.10702153846153846 0.5524888888888889
0 0.3158830769230769 0.17402222222222222 0.07071384615384615 0.34804444444444443
0 0.6915015384615385 0.5944 0.13857846153846154 0.5901444444444445
0 0.8158523076923077 0.6629222222222222 0.11332307692307693 0.5596111111111111