0 0.753643076923077 0.6825333333333333 0.09180307692307693 0.5145333333333333
0 0.47292307692307695 0.6984888888888888 0.10774153846153847 0.5200555555555556
0 0.05387692307692307 0.16049999999999998 0.07105230769230769 0.3174444444444444
0 0.8932861538461538 0.625488888888889 0.07823384615384615 0.5620111111111111
0 0.25012923076923077 0.4860888888888889 0.08255384615384616 0.45305555555555554
0 0.4331384615384615 0.18083333333333335 0.06454153846153846 0.35585555555555554
0 0.6862030769230769 0.5740333333333333 0.10198153846153846 0.4903666666666667
0 0.5025046153846154 0.16469999999999999 0.06256615384615384 0.32939999999999997
0 0.1224923076923077 0.5433222222222223 0.09211076923076923 0.4436333333333333
0 0.36888615384615386 0.2083888888888889 0.0676 0.39097777777777776
0 0.6106646153846154 0.7579777777777778 0.15148923076923076 0.4840555555555555
0 0.04027076923076923 0.9545555555555556 0.08053538461538462 0.09088888888888888
0 0.5738276923076924 0.15186666666666668 0.07052923076923077 0.30335555555555554