0 0.5224123076923076 0.7887111111111111 0.1628553846153846 0.40963333333333335
0 0.6430892307692307 0.7924777777777778 0.12831384615384614 0.38924444444444445
0 0.32744 0.19954444444444444 0.07531076923076922 0.3884666666666667
0 0.7182153846153846 0.6112222222222222 0.13212307692307693 0.6302333333333334
0 0.8228800000000001 0.6563333333333334 0.09913846153846154 0.5483
0 0.952676923076923 0.6126 0.09465230769230769 0.5836888888888889
0 0.2606646153846154 0.1822777777777778 0.08260307692307692 0.3645444444444444
0 0.5224123076923076 0.7887111111111111 0.1628553846153846 0.40963333333333335
0 0.6430892307692307 0.7924777777777778 0.12831384615384614 0.38924444444444445
0 0.32744 0.19954444444444444 0.07531076923076922 0.3884666666666667
0 0.7182153846153846 0.6112222222222222 0.13212307692307693 0.6302333333333334
0 0.8228800000000001 0.6563333333333334 0.09913846153846154 0.5483
0 0.952676923076923 0.6126 0.09465230769230769 0.5836888888888889
0 0.2606646153846154 0.1822777777777778 0.08260307692307692 0.3645444444444444