0 0.8979138461538461 0.6267444444444445 0.0928123076923077 0.5423555555555556
0 0.4463323076923077 0.18306666666666666 0.06716307692307692 0.36612222222222224
0 0.2659753846153846 0.7348 0.11367999999999999 0.5248111111111111
0 0.6456553846153846 0.6348555555555555 0.11043692307692309 0.5932444444444444
0 0.79392 0.893511111111111 0.09113230769230769 0.20785555555555554
0 0.7589046153846154 0.6589444444444444 0.09416 0.4722444444444444
0 0.3784246153846154 0.20306666666666665 0.06427076923076923 0.3738333333333333
0 0.4542523076923077 0.7246888888888889 0.09229538461538461 0.5029111111111111
0 0.36728000000000005 0.7144 0.07929230769230769 0.4679111111111111
0 0.17148923076923078 0.7991111111111112 0.12833846153846154 0.4017777777777778
0 0.16066461538461538 0.4334555555555556 0.09683692307692308 0.29713333333333336
0 0.26439999999999997 0.39212222222222226 0.09015999999999999 0.2944555555555555
0 0.5431261538461539 0.6170555555555556 0.08390769230769231 0.4421