0 0.8027815384615384 0.7215888888888888 0.14384615384615385 0.5527444444444445
0 0.35630153846153845 0.47167777777777775 0.07919384615384616 0.40355555555555556
0 0.1412923076923077 0.4411444444444444 0.10780923076923077 0.4576777777777778
0 0.2937046153846154 0.36343333333333333 0.07756923076923077 0.40686666666666665
0 0.2739753846153846 0.7638222222222223 0.10706461538461538 0.4667777777777778
0 0.22014153846153847 0.7115111111111111 0.07056615384615385 0.5199222222222222
0 0.8027815384615384 0.7215888888888888 0.14384615384615385 0.5527444444444445
0 0.35630153846153845 0.47167777777777775 0.07919384615384616 0.40355555555555556
0 0.1412923076923077 0.4411444444444444 0.10780923076923077 0.4576777777777778
0 0.28779692307692306 0.367 0.06575384615384615 0.39975555555555553
0 0.2739753846153846 0.7638222222222223 0.10706461538461538 0.4667777777777778