0 0.3319384615384615 0.8337888888888888 0.15360615384615386 0.3284888888888889
0 0.34576 0.2046888888888889 0.07632 0.38926666666666665
0 0.20463384615384614 0.8362333333333334 0.10948307692307692 0.3275333333333333
0 0.46215384615384614 0.8628555555555556 0.1230523076923077 0.2741111111111111
0 0.22866461538461538 0.2253666666666667 0.06885538461538461 0.3804222222222222
0 0.6769784615384615 0.7440222222222223 0.09377846153846153 0.5107333333333334
0 0.9712000000000001 0.6290222222222223 0.057593846153846155 0.27857777777777776
0 0.08351384615384616 0.8131444444444444 0.12270153846153846 0.3695
0 0.7596123076923076 0.7032333333333333 0.08234461538461539 0.5640333333333333
0 0.27777846153846153 0.2371333333333333 0.0755876923076923 0.3768333333333333
0 0.5586461538461538 0.8605 0.08826461538461539 0.27899999999999997
0 0.5586953846153846 0.5974888888888888 0.11013538461538462 0.3852
0 0.9018276923076923 0.5041444444444445 0.09486153846153847 0.3940666666666667
0 0.6344307692307692 0.38722222222222225 0.09421538461538462 0.29356666666666664
0 0.39275076923076924 0.16853333333333334 0.05393846153846154 0.3361777777777778
0 0.46215384615384614 0.16297777777777778 0.07458461538461539 0.3259444444444445