0 0.814923076923077 0.8966111111111111 0.11336 0.20677777777777778
0 0.8892861538461538 0.13168888888888888 0.08709538461538462 0.26337777777777777
0 0.5369292307692307 0.19755555555555557 0.07987692307692308 0.39509999999999995
0 0.7755630769230769 0.6626333333333333 0.09218461538461539 0.4831777777777778
0 0.45984 0.18166666666666667 0.06948307692307693 0.36333333333333334
0 0.2865969230769231 0.2077111111111111 0.06639384615384615 0.37766666666666665
0 0.9093169230769231 0.6178333333333332 0.09035076923076922 0.48257777777777777
0 0.6688430769230769 0.5855 0.10642461538461538 0.6012333333333334
0 0.6164184615384615 0.21965555555555555 0.055729230769230774 0.34063333333333334
0 0.39329846153846154 0.19319999999999998 0.08456615384615383 0.38285555555555556
0 0.18396307692307692 0.19897777777777778 0.10158153846153846 0.35707777777777777