0 0.9167630769230769 0.8985444444444445 0.13580923076923077 0.20290000000000002
0 0.5669169230769231 0.6852222222222223 0.10182153846153846 0.624511111111111
0 0.3410030769230769 0.5363 0.10034461538461538 0.4787666666666667
0 0.27980923076923075 0.5575444444444445 0.08312 0.5058222222222223
0 0.4887076923076923 0.1866888888888889 0.07004307692307692 0.3435777777777778
0 0.7185723076923077 0.7232333333333333 0.0916123076923077 0.537511111111111
0 0.0788676923076923 0.2179333333333333 0.08382769230769231 0.4240777777777778
0 0.7997476923076923 0.6941444444444445 0.07849846153846154 0.5401444444444444
0 0.5484553846153846 0.18286666666666668 0.07387076923076924 0.3355888888888889
0 0.8716369230769231 0.3402 0.06709538461538461 0.3650333333333333
0 0.2715876923076923 0.1700888888888889 0.060215384615384615 0.3401777777777778
0 0.3795138461538462 0.19053333333333333 0.06684307692307692 0.3810777777777778