0 0.5165969230769231 0.7983333333333333 0.1110523076923077 0.4033333333333333
0 0.23074461538461538 0.4715666666666667 0.0872 0.4204888888888889
0 0.7064738461538461 0.5563888888888889 0.08870153846153846 0.48163333333333336
0 0.4310276923076923 0.1804111111111111 0.06466461538461539 0.35486666666666666
0 0.7732123076923078 0.6800555555555555 0.0884676923076923 0.5349777777777778
0 0.03996307692307692 0.7081666666666667 0.07946461538461538 0.5321888888888889
0 0.14787076923076922 0.5536666666666666 0.10016 0.4627777777777778
0 0.6178338461538462 0.7689 0.09167384615384615 0.4621888888888889
0 0.9398092307692308 0.15076666666666666 0.0672123076923077 0.2734111111111111
0 0.5297846153846154 0.28056666666666663 0.08410461538461537 0.4238444444444444
0 0.9010707692307692 0.6128444444444444 0.08310153846153846 0.5188333333333334
0 0.8413353846153847 0.5605444444444444 0.07012923076923076 0.45392222222222217
0 0.6417169230769231 0.5928666666666668 0.0985723076923077 0.5613666666666667
0 0.12996307692307693 0.13423333333333334 0.06332307692307693 0.26845555555555556
0 0.03648 0.1395111111111111 0.06996923076923077 0.27195555555555556