0 0.26352000000000003 0.46684444444444445 0.07878153846153847 0.40148888888888884
0 0.44606769230769233 0.4297777777777778 0.09113230769230769 0.47053333333333336
0 0.5418892307692308 0.44168888888888885 0.0830276923076923 0.4157666666666667
0 0.8934646153846154 0.6181222222222221 0.07731076923076922 0.5247666666666667
0 0.7644246153846154 0.6687111111111111 0.0886523076923077 0.5106555555555555
0 0.6445353846153845 0.6091111111111112 0.10778461538461538 0.5786444444444444
0 0.07463384615384615 0.6754777777777777 0.11850461538461537 0.5135333333333333
0 0.36208 0.4318222222222222 0.08374769230769231 0.4190333333333333
0 0.8449353846153846 0.5562888888888889 0.06485538461538462 0.46644444444444444
0 0.4900307692307692 0.2249888888888889 0.06633230769230769 0.42242222222222225
0 0.10519999999999999 0.23587777777777777 0.10159384615384616 0.31529999999999997