0 0.44818461538461535 0.4156666666666667 0.08556307692307692 0.4343333333333333
0 0.6030830769230769 0.6829666666666666 0.10910769230769231 0.6163
0 0.7089476923076923 0.7212666666666666 0.09743384615384616 0.5359
0 0.7811138461538462 0.6782111111111111 0.0791446153846154 0.5110555555555556
0 0.31318153846153846 0.7830444444444444 0.10732923076923077 0.42695555555555553
0 0.3725415384615385 0.18815555555555555 0.058252307692307694 0.3723444444444445
0 0.3181415384615385 0.23794444444444446 0.0613723076923077 0.3650111111111111
0 0.8762338461538463 0.4972555555555555 0.11258461538461538 0.46473333333333333
0 0.45083076923076926 0.8181888888888889 0.09132307692307692 0.3599333333333333
0 0.39299076923076925 0.8568555555555555 0.12825846153846154 0.26836666666666664
0 0.25702153846153847 0.21476666666666666 0.07539692307692307 0.37529999999999997