0 0.8305415384615386 0.16212222222222222 0.07460307692307692 0.32224444444444444
0 0.44223384615384614 0.18934444444444445 0.06502153846153846 0.3787
0 0.90056 0.6471777777777779 0.07723692307692308 0.5551666666666666
0 0.7208492307692308 0.8626999999999999 0.09126769230769231 0.2746
0 0.28 0.8267777777777778 0.1004 0.34644444444444444
0 0.6438584615384615 0.6304 0.09338461538461539 0.5932444444444444
0 0.49248615384615385 0.7493 0.10079384615384615 0.46214444444444447
0 0.4051138461538461 0.8280000000000001 0.10819076923076923 0.34400000000000003
0 0.3316430769230769 0.4841444444444445 0.11140307692307692 0.41627777777777775
0 0.22727999999999998 0.6379444444444444 0.08976 0.4927888888888889
0 0.19811692307692308 0.15585555555555558 0.07327384615384615 0.31172222222222223
0 0.34308923076923076 0.20652222222222222 0.07275692307692308 0.1855
0 0.1635323076923077 0.5110333333333333 0.08534153846153847 0.43006666666666665
0 0.2605107692307692 0.38122222222222224 0.06268307692307692 0.2771222222222222