0 0.09695384615384615 0.8777333333333334 0.1755876923076923 0.2421222222222222
0 0.2368553846153846 0.8924666666666667 0.12016615384615385 0.21059999999999998
0 0.5846276923076923 0.6976888888888888 0.10463384615384616 0.5986666666666666
0 0.3613169230769231 0.20435555555555554 0.06681846153846153 0.3766222222222222
0 0.24034461538461538 0.21417777777777777 0.05745230769230769 0.3864888888888889
0 0.3577107692307692 0.8989555555555555 0.13521846153846154 0.19595555555555558
0 0.6923815384615384 0.7334222222222223 0.08580923076923076 0.5211666666666667
0 0.4563630769230769 0.7754111111111112 0.11759384615384616 0.44602222222222226
0 0.5116123076923077 0.1885222222222222 0.05653538461538462 0.34045555555555557
0 0.2999753846153846 0.2295222222222222 0.07111384615384615 0.3812888888888889
0 0.77736 0.7112111111111111 0.07465846153846153 0.5645222222222223
0 0.980036923076923 0.6438333333333334 0.03992615384615384 0.2793222222222222
0 0.9164553846153847 0.5701555555555555 0.10933538461538461 0.43275555555555556
0 0.8881476923076923 0.26143333333333335 0.08718769230769231 0.33531111111111106
0 0.9421784615384615 0.2954333333333333 0.059858461538461534 0.23886666666666664
0 0.642996923076923 0.3667777777777778 0.10889230769230769 0.2882222222222222