0 0.5466830769230769 0.7052999999999999 0.12006153846153846 0.5894
0 0.11675692307692306 0.5927777777777777 0.09602461538461537 0.45216666666666666
0 0.29851692307692307 0.5689888888888889 0.11744615384615384 0.5433888888888889
0 0.6553169230769231 0.8842111111111111 0.11407384615384615 0.2242111111111111
0 0.7596123076923076 0.7309 0.08823999999999999 0.5381888888888889
0 0.3805476923076923 0.4754333333333333 0.10426461538461539 0.4212444444444445
0 0.2196123076923077 0.2503 0.06603692307692308 0.4014111111111111
0 0.5466830769230769 0.7052999999999999 0.12006153846153846 0.5894
0 0.11675692307692306 0.5927777777777777 0.09602461538461537 0.45216666666666666
0 0.29851692307692307 0.5689888888888889 0.11744615384615384 0.5433888888888889
0 0.6553169230769231 0.8842111111111111 0.11407384615384615 0.2242111111111111
0 0.7596123076923076 0.7309 0.08823999999999999 0.5381888888888889
0 0.3805476923076923 0.4754333333333333 0.10426461538461539 0.4212444444444445
0 0.2196123076923077 0.2503 0.06603692307692308 0.4014111111111111
0 0.12055384615384616 0.2609888888888889 0.08060923076923078 0.3539777777777778
0 0.34955692307692304 0.23343333333333333 0.06355076923076923 0.3522
0 0.5111323076923077 0.18186666666666668 0.06915076923076924 0.35573333333333335
0 0.8484246153846154 0.42391111111111107 0.09143384615384616 0.44426666666666664
0 0.74432 0.27343333333333336 0.08507076923076924 0.32553333333333334