0 0.563243076923077 0.24612222222222221 0.08604307692307692 0.44105555555555553
0 0.16836307692307692 0.5594333333333333 0.10201846153846154 0.48234444444444446
0 0.2521230769230769 0.4947333333333333 0.08884923076923076 0.4366
0 0.9154030769230769 0.6347 0.07112615384615384 0.5334555555555556
0 0.44843076923076924 0.1848 0.06900923076923077 0.3693222222222222
0 0.7889353846153846 0.6944111111111111 0.08676307692307693 0.5200444444444444
0 0.15440615384615383 0.14016666666666666 0.06603692307692308 0.2783111111111111
0 0.6527138461538462 0.6366444444444445 0.08356923076923077 0.5486666666666666
0 0.7258092307692308 0.5715555555555555 0.07579076923076923 0.4586555555555556
0 0.044338461538461535 0.6184111111111111 0.08689230769230769 0.6605888888888889
0 0.3823692307692308 0.2028222222222222 0.07032 0.3918666666666667
0 0.5783507692307692 0.7477555555555556 0.07856615384615384 0.5044888888888889
0 0.86248 0.5745222222222223 0.06299692307692308 0.4740666666666667
0 0.4934830769230769 0.7861777777777778 0.09116923076923077 0.42764444444444444