0 0.6418584615384615 0.6154555555555555 0.11422153846153847 0.5835555555555556
0 0.4632923076923077 0.529988888888889 0.08531076923076923 0.4492555555555555
0 0.34978461538461536 0.5800444444444444 0.10547692307692308 0.5445111111111112
0 0.2536553846153846 0.5943111111111111 0.09839384615384615 0.47853333333333337
0 0.7665723076923078 0.6730111111111111 0.09213538461538462 0.5046333333333334
0 0.4406461538461538 0.16603333333333334 0.06841846153846154 0.3320777777777778
0 0.5483323076923077 0.17727777777777778 0.08110153846153846 0.3489777777777778
0 0.8953661538461538 0.6232777777777778 0.08217846153846153 0.5479777777777778
0 0.8455630769230769 0.5667 0.062049230769230766 0.4503888888888889
0 0.7067569230769231 0.5575555555555556 0.08345846153846154 0.46832222222222225
0 0.15147076923076921 0.5136999999999999 0.08583384615384615 0.4354