0 0.5212307692307693 0.8112999999999999 0.15589538461538463 0.37062222222222224
0 0.6469476923076923 0.8154111111111111 0.12006769230769232 0.34563333333333335
0 0.950196923076923 0.6129777777777777 0.09915076923076924 0.5697555555555556
0 0.8167507692307693 0.6464888888888889 0.09995076923076922 0.525
0 0.7042400000000001 0.6056333333333334 0.1307076923076923 0.6462111111111112
0 0.32660923076923076 0.19243333333333332 0.0794523076923077 0.37647777777777774
0 0.5212307692307693 0.8112999999999999 0.15589538461538463 0.37062222222222224
0 0.6469476923076923 0.8154111111111111 0.12006769230769232 0.34563333333333335
0 0.950196923076923 0.6129777777777777 0.09915076923076924 0.5697555555555556
0 0.8167507692307693 0.6464888888888889 0.09995076923076922 0.525
0 0.7042400000000001 0.6056333333333334 0.1307076923076923 0.6462111111111112
0 0.32660923076923076 0.19243333333333332 0.0794523076923077 0.37647777777777774