0 0.7660553846153846 0.6923666666666667 0.1084923076923077 0.5224555555555556
0 0.6483692307692307 0.6491 0.1254276923076923 0.5932333333333333
0 0.9025046153846153 0.652988888888889 0.09562461538461538 0.5478555555555555
0 0.5195138461538462 0.5163333333333333 0.09293538461538463 0.43174444444444443
0 0.28208 0.4481444444444444 0.08571076923076923 0.4194
0 0.39535384615384617 0.5074333333333333 0.08262153846153845 0.43124444444444443
0 0.8667076923076924 0.1378111111111111 0.05760615384615385 0.27561111111111114
0 0.45001230769230766 0.1718111111111111 0.06462153846153847 0.3436333333333333
0 0.04126153846153846 0.5878111111111111 0.0819876923076923 0.46663333333333334
0 0.6514523076923077 0.1320111111111111 0.05626461538461539 0.26401111111111114
0 0.7288984615384616 0.2814333333333333 0.07884923076923077 0.2597555555555556
0 0.14457846153846154 0.49970000000000003 0.12128000000000001 0.4562888888888889