0 0.683926153846154 0.14263333333333333 0.0823876923076923 0.2849777777777778
0 0.7513784615384616 0.6664888888888889 0.10083692307692309 0.5252777777777777
0 0.8948184615384615 0.6077111111111112 0.08314461538461539 0.5526222222222222
0 0.14107076923076925 0.9160444444444445 0.13166769230769232 0.162
0 0.2703692307692308 0.9107111111111111 0.12446153846153846 0.17450000000000002
0 0.5201723076923077 0.7624444444444445 0.1039876923076923 0.4664
0 0.7548615384615385 0.13018888888888888 0.07958769230769232 0.26037777777777776
0 0.6423876923076923 0.7844888888888889 0.09993846153846155 0.41375555555555554
0 0.29577846153846155 0.5206000000000001 0.09630153846153847 0.4714111111111111
0 0.15721846153846153 0.47725555555555554 0.09388923076923077 0.4513888888888889
0 0.09827692307692307 0.27076666666666666 0.0680676923076923 0.36287777777777774
0 0.41932923076923073 0.339 0.09723692307692307 0.4078
0 0.3927446153846154 0.7935555555555556 0.11300307692307691 0.4128888888888889
0 0.6205292307692308 0.45389999999999997 0.10036307692307693 0.2598