0 0.5805538461538461 0.23901111111111112 0.08248615384615385 0.43098888888888887
0 0.25932307692307693 0.48543333333333333 0.07753846153846154 0.4270888888888889
0 0.45696615384615386 0.18451111111111113 0.06304 0.3675222222222222
0 0.16019692307692307 0.13744444444444445 0.06373538461538461 0.2735888888888889
0 0.7342276923076922 0.5743333333333334 0.08180307692307692 0.4741
0 0.7958892307692307 0.6939222222222222 0.08806153846153845 0.5163666666666666
0 0.6584984615384615 0.6371222222222221 0.08851692307692308 0.5581666666666667
0 0.3908553846153846 0.20655555555555558 0.06924307692307692 0.39915555555555554
0 0.572043076923077 0.7335333333333333 0.08473230769230769 0.5329444444444444
0 0.8674092307692307 0.5709444444444445 0.06571692307692308 0.46316666666666667
0 0.9232923076923076 0.6382888888888889 0.07725538461538461 0.5409
0 0.07785846153846153 0.14566666666666667 0.059864615384615384 0.28526666666666667
0 0.044147692307692304 0.5913222222222223 0.08829538461538461 0.5825555555555555
0 0.17918769230769233 0.5658888888888889 0.08689230769230769 0.4798111111111111