0 0.5584430769230769 0.7046888888888889 0.12496615384615384 0.5883666666666666
0 0.06084923076923077 0.5359222222222222 0.10152 0.5235
0 0.3950953846153846 0.8785 0.13387076923076924 0.23938888888888887
0 0.6728984615384616 0.7587 0.09172923076923077 0.48192222222222225
0 0.16224615384615385 0.5503555555555556 0.11356307692307692 0.5482555555555556
0 0.4222276923076923 0.4491555555555556 0.10560615384615385 0.47011111111111115
0 0.7611015384615384 0.7350666666666666 0.08263999999999999 0.5298555555555555
0 0.3414523076923077 0.23406666666666667 0.07718769230769232 0.3847888888888889
0 0.8566707692307692 0.5968555555555555 0.11174153846153848 0.5348444444444445
0 0.5584430769230769 0.7046888888888889 0.12496615384615384 0.5883666666666666
0 0.06084923076923077 0.5359222222222222 0.10152 0.5235
0 0.3950953846153846 0.8785 0.13387076923076924 0.23938888888888887
0 0.6728984615384616 0.7587 0.09172923076923077 0.48192222222222225
0 0.16224615384615385 0.5503555555555556 0.11356307692307692 0.5482555555555556
0 0.4222276923076923 0.4491555555555556 0.10560615384615385 0.47011111111111115
0 0.7611015384615384 0.7350666666666666 0.08263999999999999 0.5298555555555555
0 0.3414523076923077 0.23406666666666667 0.07718769230769232 0.3847888888888889
0 0.8566707692307692 0.5968555555555555 0.11174153846153848 0.5348444444444445