0 0.7697292307692307 0.9573444444444444 0.10656 0.08532222222222223
0 0.8790153846153846 0.9319000000000001 0.1144676923076923 0.1362
0 0.45514461538461537 0.17303333333333332 0.07716307692307692 0.34606666666666663
0 0.5200061538461539 0.1809111111111111 0.08406153846153845 0.3488444444444444
0 0.36599384615384617 0.18968888888888888 0.06932923076923077 0.37937777777777776
0 0.7805107692307692 0.6792555555555556 0.09177846153846153 0.5026666666666666
0 0.08259692307692308 0.059333333333333335 0.06692923076923077 0.11866666666666667
0 0.27019692307692306 0.2332888888888889 0.07270153846153846 0.35873333333333335
0 0.9665538461538462 0.3377555555555556 0.0668923076923077 0.3691111111111111
0 0.1832123076923077 0.2605777777777778 0.07693538461538461 0.3953
0 0.9057230769230769 0.6384333333333334 0.08792615384615385 0.5563555555555556
0 0.8933969230769231 0.13520000000000001 0.07404307692307692 0.2703888888888889
0 0.6122338461538461 0.26187777777777776 0.07197538461538461 0.3806555555555555
0 0.6612123076923077 0.5977333333333333 0.09608615384615384 0.6123444444444445