0 0.23378461538461537 0.4790333333333333 0.10045538461538463 0.45566666666666666
0 0.9077292307692307 0.1776111111111111 0.08031384615384615 0.3274
0 0.4330830769230769 0.17906666666666665 0.06900307692307692 0.3547888888888889
0 0.7460676923076922 0.6855555555555556 0.10305846153846154 0.5167444444444445
0 0.4835753846153846 0.7252444444444445 0.11852307692307693 0.5495111111111111
0 0.3485723076923077 0.9053555555555556 0.18264000000000002 0.1893
0 0.88528 0.6199333333333334 0.08590769230769231 0.5447333333333333
0 0.6840984615384615 0.5714222222222222 0.08910769230769232 0.5042
0 0.597716923076923 0.6555333333333333 0.08595692307692308 0.5957222222222222
0 0.36134153846153844 0.20505555555555557 0.07181538461538461 0.3918444444444445
0 0.13647384615384617 0.5063666666666666 0.11388307692307692 0.5101
0 0.5256676923076923 0.16032222222222223 0.07207384615384616 0.3206555555555555
0 0.02489846153846154 0.2629444444444444 0.04979692307692308 0.4159333333333333