0 0.33297846153846156 0.6265888888888889 0.0822646153846154 0.4875777777777778
0 0.7654276923076923 0.6892111111111111 0.09343384615384616 0.5214666666666666
0 0.6281784615384615 0.6345444444444445 0.10866461538461539 0.6074333333333334
0 0.058953846153846155 0.6731333333333334 0.09460307692307691 0.5724888888888889
0 0.8892984615384615 0.6232444444444444 0.08589538461538462 0.5778
0 0.9624861538461538 0.3122888888888889 0.06436923076923076 0.4436222222222222
0 0.7254523076923076 0.2148888888888889 0.08515076923076924 0.36596666666666666
0 0.5700061538461538 0.1695222222222222 0.0811446153846154 0.3222555555555555
0 0.515236923076923 0.643688888888889 0.08312 0.4037111111111111
0 0.42176 0.5612333333333334 0.08019076923076923 0.45643333333333336
0 0.2505415384615385 0.7524444444444445 0.09443076923076922 0.4951111111111111