0 0.4476615384615385 0.18733333333333332 0.06894153846153846 0.37466666666666665
0 0.9014830769230769 0.6324555555555555 0.09248615384615384 0.5449111111111111
0 0.2690646153846154 0.7217888888888889 0.10848000000000001 0.5521222222222223
0 0.6486215384615385 0.6101222222222222 0.10661538461538461 0.5404777777777778
0 0.88664 0.14415555555555556 0.08745846153846154 0.28384444444444445
0 0.7729415384615385 0.8923555555555556 0.10252307692307693 0.20987777777777777
0 0.7598707692307692 0.6322 0.0911446153846154 0.42864444444444444
0 0.45321846153846157 0.7431888888888889 0.08452307692307692 0.4858777777777778
0 0.5397046153846153 0.6795666666666667 0.09301538461538462 0.5199
0 0.03491692307692308 0.7733888888888888 0.06830153846153846 0.43806666666666666
0 0.3787384615384616 0.20913333333333334 0.06802461538461539 0.37708888888888886
0 0.15762461538461536 0.4788 0.08337230769230769 0.3522666666666667
0 0.16894769230769233 0.7846666666666667 0.10601846153846153 0.4306666666666667
0 0.26444923076923077 0.1623 0.0804 0.21704444444444446
0 0.2681415384615385 0.39011111111111113 0.08286153846153846 0.2771222222222222