0 0.9020307692307692 0.6413888888888889 0.0963876923076923 0.5469777777777778
0 0.43884923076923077 0.7714 0.10927384615384615 0.45172222222222225
0 0.8700923076923077 0.14236666666666667 0.08479384615384615 0.28473333333333334
0 0.5249661538461539 0.6740666666666666 0.10527384615384615 0.49367777777777777
0 0.4490461538461539 0.1854888888888889 0.07038153846153847 0.3709777777777778
0 0.2842769230769231 0.6852555555555556 0.11433230769230769 0.6135444444444446
0 0.7536123076923076 0.8792666666666668 0.1112676923076923 0.2355777777777778
0 0.20158153846153845 0.7521777777777778 0.09478769230769231 0.4956555555555555
0 0.34345846153846155 0.7068333333333333 0.08580307692307693 0.3016666666666667
0 0.6423815384615384 0.5639333333333334 0.11012307692307692 0.45586666666666664
0 0.8033538461538462 0.46013333333333334 0.09729846153846154 0.4393888888888889
0 0.7153661538461539 0.5392555555555555 0.09214153846153846 0.3914111111111111
0 0.6583815384615384 0.8846666666666667 0.09780923076923077 0.23066666666666666
0 0.16611692307692308 0.4750222222222222 0.08804923076923078 0.38472222222222224
0 0.2884430769230769 0.18141111111111113 0.06193846153846154 0.19304444444444446
0 0.38222153846153845 0.20342222222222223 0.07718153846153847 0.36596666666666666