0 0.6003630769230769 0.6854333333333333 0.11135384615384615 0.6179333333333333
0 0.7060430769230769 0.7418222222222222 0.0890523076923077 0.5163666666666666
0 0.37694769230769226 0.19771111111111112 0.06198769230769231 0.38783333333333336
0 0.24272000000000002 0.2227 0.05712 0.3786666666666667
0 0.9514092307692308 0.6268111111111111 0.08606153846153845 0.5320555555555556
0 0.44806153846153846 0.32082222222222223 0.07436923076923077 0.3676777777777778
0 0.3214646153846154 0.23515555555555553 0.07288 0.3715666666666667
0 0.8686646153846154 0.6413666666666666 0.1112676923076923 0.5746444444444444
0 0.3166953846153846 0.6503888888888889 0.12336615384615385 0.37543333333333334
0 0.43704615384615386 0.7446333333333333 0.10314461538461539 0.4750333333333333
0 0.3937292307692307 0.7828555555555556 0.1248123076923077 0.39147777777777776
0 0.5558030769230768 0.20786666666666667 0.06249230769230769 0.35707777777777777
0 0.48836307692307696 0.20143333333333333 0.07531692307692307 0.40196666666666664