0 0.7595446153846154 0.6794 0.09475076923076924 0.5166333333333334
0 0.041396923076923074 0.473 0.08012923076923077 0.45553333333333335
0 0.5726030769230769 0.11203333333333333 0.06790153846153846 0.21974444444444446
0 0.8974523076923077 0.6277333333333334 0.07969846153846154 0.5570333333333333
0 0.6486830769230768 0.6312222222222222 0.10724923076923076 0.6030444444444445
0 0.08027692307692307 0.16306666666666667 0.07553230769230769 0.32130000000000003
0 0.44358769230769235 0.16799999999999998 0.06397538461538461 0.33599999999999997
0 0.49899692307692306 0.6982 0.08927384615384615 0.5068111111111111
0 0.14191384615384617 0.12596666666666667 0.07900307692307693 0.25193333333333334
0 0.27216 0.43413333333333337 0.07123076923076924 0.40068888888888887
0 0.32472615384615383 0.8529333333333333 0.12785846153846153 0.2913