0 0.34217846153846154 0.24667777777777777 0.06548307692307692 0.38937777777777777
0 0.5658707692307692 0.7185222222222222 0.10287384615384615 0.544611111111111
0 0.6717846153846154 0.7685 0.08443076923076923 0.44882222222222223
0 0.8552123076923077 0.46416666666666667 0.08403692307692308 0.4656777777777778
0 0.22256 0.26193333333333335 0.05801230769230769 0.39483333333333337
0 0.05828923076923077 0.12617777777777778 0.06449846153846155 0.2523666666666667
0 0.7651199999999999 0.7519555555555556 0.07148307692307693 0.4779777777777778
0 0.10511999999999999 0.9467777777777778 0.1848369230769231 0.10644444444444444
0 0.9803876923076924 0.5207666666666667 0.038652307692307694 0.2983222222222222
0 0.5199323076923077 0.30900000000000005 0.07937230769230769 0.40377777777777774
0 0.7332061538461538 0.3427777777777778 0.07023384615384615 0.36467777777777777
0 0.48486153846153845 0.20675555555555558 0.07076307692307691 0.3593