0 0.3982769230769231 0.24102222222222222 0.09435692307692309 0.4572333333333333
0 0.4823692307692308 0.684288888888889 0.09732923076923077 0.6093666666666666
0 0.7858153846153847 0.7260222222222221 0.09034461538461538 0.5323888888888889
0 0.9463815384615384 0.6914111111111111 0.10371692307692307 0.5717777777777778
0 0.6670892307692308 0.6275666666666666 0.08617230769230769 0.5216222222222222
0 0.45678153846153846 0.1257888888888889 0.08146461538461539 0.24651111111111113
0 0.5697292307692308 0.6210777777777778 0.10225230769230768 0.5208444444444444
0 0.9663076923076923 0.1358111111111111 0.06737846153846154 0.27
0 0.030356923076923076 0.770788888888889 0.06071384615384615 0.4502777777777778
0 0.11123076923076923 0.5597 0.1013476923076923 0.3114
0 0.09043076923076922 0.3841111111111111 0.11144615384615385 0.30689999999999995
0 0.13202461538461538 0.8064111111111111 0.1207876923076923 0.36926666666666663