0 0.3134584615384615 0.8893333333333333 0.14129846153846154 0.21530000000000002
0 0.09295384615384616 0.25958888888888887 0.09508307692307692 0.3977555555555556
0 0.5999630769230769 0.7142444444444445 0.09332923076923076 0.5693888888888889
0 0.46994461538461535 0.6234555555555555 0.09453538461538462 0.49713333333333337
0 0.8118215384615385 0.732111111111111 0.07302153846153846 0.5215777777777778
0 0.7047753846153846 0.7647444444444444 0.08064615384615385 0.4705111111111111
0 0.2548984615384615 0.27064444444444447 0.06061538461538461 0.3994
0 0.8319384615384616 0.35856666666666664 0.06337846153846154 0.41846666666666665
0 0.5610892307692308 0.3347888888888889 0.08537846153846154 0.4020111111111111
0 0.48528615384615387 0.3163333333333333 0.08147076923076922 0.37844444444444447
0 0.4040738461538462 0.3456777777777778 0.06673230769230769 0.4015666666666667