0 0.5117292307692307 0.5274666666666668 0.09732923076923077 0.42591111111111113
0 0.7645907692307693 0.7000666666666666 0.10913846153846153 0.5189888888888888
0 0.90184 0.6624555555555556 0.0952246153846154 0.5477444444444445
0 0.6443076923076924 0.614511111111111 0.13745846153846153 0.6702666666666667
0 0.2722769230769231 0.45105555555555554 0.08842461538461538 0.4154444444444444
0 0.4498092307692308 0.18414444444444444 0.0721476923076923 0.36827777777777776
0 0.8649292307692308 0.14066666666666666 0.061224615384615384 0.28134444444444445
0 0.4396676923076923 0.5906666666666667 0.09568615384615385 0.42935555555555555
0 0.38839384615384615 0.5144444444444445 0.08531692307692307 0.41673333333333334
0 0.7177353846153846 0.5950777777777778 0.09863999999999999 0.503788888888889
0 0.15208615384615384 0.5143666666666666 0.1239876923076923 0.45896666666666663
0 0.06803076923076923 0.3338777777777778 0.08142153846153846 0.22243333333333334
0 0.04342153846153846 0.6166111111111111 0.08142153846153846 0.4678888888888889