0 0.5286215384615385 0.16467777777777778 0.08537846153846154 0.3293666666666667
0 0.7644000000000001 0.6833 0.11567384615384615 0.5059444444444444
0 0.43897846153846154 0.17603333333333335 0.08697846153846155 0.3520666666666667
0 0.6374276923076923 0.6108333333333333 0.14264615384615387 0.598288888888889
0 0.8867261538461538 0.6119666666666667 0.10422769230769231 0.5478222222222222
0 0.30972923076923076 0.6477777777777778 0.10498461538461538 0.5583888888888889
0 0.5596123076923077 0.8971444444444444 0.14244923076923077 0.1997777777777778
0 0.40165538461538464 0.5754 0.10658461538461537 0.4668
0 0.25683076923076925 0.4905333333333334 0.08896 0.4749333333333333
0 0.11194461538461538 0.17346666666666666 0.08699692307692308 0.3469333333333333
0 0.7018646153846154 0.5368222222222222 0.09542153846153846 0.4333
0 0.2152246153846154 0.6561444444444444 0.08521846153846153 0.5035555555555555
0 0.8485846153846154 0.5808666666666666 0.08675076923076923 0.48791111111111113