0 0.08327384615384614 0.3672888888888889 0.1030276923076923 0.4619
0 0.6308615384615385 0.2989222222222222 0.08070153846153845 0.2986888888888889
0 0.3437415384615385 0.8144333333333333 0.12426461538461539 0.3681333333333333
0 0.5738830769230769 0.6807888888888889 0.09459076923076924 0.6122222222222222
0 0.46257846153846155 0.19041111111111111 0.08270769230769232 0.3735
0 0.7208307692307692 0.721188888888889 0.09334153846153846 0.5251111111111111
0 0.3856553846153846 0.19705555555555554 0.06999384615384616 0.38060000000000005
0 0.8042953846153846 0.685 0.07267076923076923 0.5444555555555556
0 0.32118153846153846 0.21778888888888887 0.06739076923076924 0.38995555555555556
0 0.9200246153846153 0.8054111111111111 0.06691076923076923 0.3858777777777778
0 0.8994584615384614 0.7923555555555556 0.05827076923076923 0.3907111111111111
0 0.9437723076923078 0.5612666666666667 0.09998153846153846 0.5216555555555555