0 0.2880861538461538 0.9050111111111111 0.12915692307692309 0.18677777777777776
0 0.756763076923077 0.6671111111111111 0.08722461538461539 0.5064333333333334
0 0.31011692307692307 0.5870555555555556 0.11237538461538463 0.5669222222222222
0 0.04992615384615384 0.7250777777777778 0.09980307692307692 0.5398333333333334
0 0.6413538461538462 0.6406 0.09852307692307692 0.5687555555555556
0 0.4389230769230769 0.17136666666666667 0.06302153846153846 0.3427222222222222
0 0.5085169230769231 0.1617888888888889 0.0631876923076923 0.32356666666666667
0 0.4375015384615385 0.8394333333333334 0.14046153846153847 0.3211444444444444
0 0.36864615384615385 0.19422222222222224 0.06886153846153846 0.3706888888888889
0 0.8955753846153846 0.5965222222222222 0.07197538461538461 0.5028
0 0.5720061538461538 0.40734444444444445 0.07118769230769231 0.40425555555555553
0 0.9172369230769231 0.8553 0.09294153846153846 0.2869111111111111
0 0.6982707692307693 0.5594444444444444 0.08379692307692307 0.45586666666666664
0 0.5631384615384616 0.14154444444444444 0.06963076923076923 0.2790222222222222