0 0.3194030769230769 0.8506555555555556 0.1401353846153846 0.29869999999999997
0 0.09888000000000001 0.8683888888888889 0.1398769230769231 0.2632111111111111
0 0.7263446153846154 0.7180444444444445 0.09467076923076924 0.5372444444444444
0 0.09397538461538461 0.5716333333333333 0.10774769230769231 0.5104666666666667
0 0.6127015384615384 0.7026222222222223 0.09854153846153846 0.5894222222222223
0 0.3366646153846154 0.5064111111111111 0.08626461538461538 0.4402111111111111
0 0.2092123076923077 0.9128555555555556 0.09056615384615384 0.16871111111111112
0 0.5327138461538461 0.6110222222222221 0.08269538461538462 0.47955555555555557
0 0.3919384615384615 0.19316666666666665 0.06359999999999999 0.37194444444444447
0 0.17020923076923075 0.5315777777777778 0.08531076923076923 0.4607777777777778
0 0.8980615384615384 0.4376333333333333 0.09464 0.4802777777777778
0 0.1269476923076923 0.16806666666666667 0.07712615384615384 0.3347444444444444
0 0.4477907692307692 0.6296555555555556 0.09240615384615385 0.48738888888888887
0 0.818123076923077 0.6745 0.07497230769230769 0.5342333333333333