0 0.1536 0.8956222222222222 0.1738769230769231 0.20875555555555556
0 0.2597353846153846 0.4677222222222222 0.07980307692307692 0.3732888888888889
0 0.7567753846153846 0.6929777777777777 0.10703384615384616 0.49038888888888893
0 0.6432861538461538 0.6198111111111112 0.12830769230769232 0.5907888888888889
0 0.07788923076923077 0.4799333333333333 0.08649846153846154 0.4860888888888889
0 0.8813538461538462 0.6195222222222223 0.09603692307692308 0.520888888888889
0 0.12990153846153846 0.1740888888888889 0.07960615384615385 0.3368555555555556
0 0.9489723076923077 0.3426777777777778 0.07376 0.4419666666666666
0 0.4485846153846154 0.28854444444444444 0.09962461538461538 0.36302222222222225
0 0.5975138461538462 0.25187777777777776 0.0696123076923077 0.30463333333333337
0 0.8223384615384615 0.2758777777777778 0.058953846153846155 0.31708888888888886
0 0.36814153846153846 0.34478888888888887 0.06379076923076923 0.4104555555555556