0 0.2892123076923077 0.8796111111111111 0.16935384615384616 0.2340888888888889
0 0.7604615384615384 0.6716111111111112 0.08795692307692309 0.5075555555555555
0 0.6321661538461538 0.6168 0.09791384615384616 0.6028222222222221
0 0.4393969230769231 0.17551111111111112 0.06027692307692308 0.3494
0 0.9281846153846154 0.8641222222222222 0.09434461538461539 0.26993333333333336
0 0.8976923076923077 0.6083666666666666 0.07371692307692308 0.5288888888888889
0 0.27108923076923075 0.46728888888888886 0.08068307692307693 0.4386444444444444
0 0.40476307692307695 0.6027666666666667 0.09433846153846155 0.48712222222222223
0 0.5148123076923077 0.5186777777777778 0.09459076923076924 0.48173333333333335
0 0.13411692307692308 0.5252333333333333 0.09382153846153847 0.45774444444444445
0 0.36825230769230766 0.20145555555555555 0.06743384615384615 0.37643333333333334