0 0.7328923076923077 0.7398333333333333 0.15162461538461539 0.5158333333333334
0 0.9211199999999999 0.7906666666666667 0.14392615384615384 0.40717777777777775
0 0.4464369230769231 0.36644444444444446 0.07149538461538461 0.3970222222222222
0 0.21139692307692307 0.35646666666666665 0.08595692307692308 0.4905333333333334
0 0.13492307692307692 0.32608888888888893 0.08397538461538462 0.44676666666666665
0 0.10239384615384614 0.8925111111111111 0.17263384615384614 0.21327777777777776
0 0.5276738461538462 0.8536333333333334 0.10435692307692308 0.2927444444444445
0 0.40633230769230766 0.6793888888888889 0.12152615384615384 0.36569999999999997
0 0.3081661538461538 0.3683444444444444 0.08059076923076923 0.41305555555555556
0 0.031513846153846156 0.3942777777777778 0.05977230769230769 0.49504444444444445
0 0.3855323076923077 0.3511444444444444 0.06698461538461538 0.46894444444444444