0 0.7079384615384616 0.14246666666666666 0.08488000000000001 0.27593333333333336
0 0.7676307692307693 0.6755777777777777 0.10292307692307692 0.5215666666666667
0 0.08828923076923077 0.7868555555555555 0.13565538461538462 0.41044444444444445
0 0.9103138461538461 0.2518 0.08616615384615385 0.43666666666666665
0 0.6278523076923077 0.6206333333333334 0.13706461538461537 0.5747222222222222
0 0.8969230769230769 0.6150222222222222 0.11182769230769231 0.6124444444444445
0 0.9652123076923077 0.3233777777777778 0.06740923076923078 0.40823333333333334
0 0.2645292307692308 0.46366666666666667 0.07918153846153846 0.41615555555555556
0 0.042664615384615384 0.5075999999999999 0.0853353846153846 0.5692666666666667
0 0.4528615384615384 0.7624444444444445 0.09538461538461539 0.47511111111111115
0 0.36954461538461536 0.7828555555555556 0.10844307692307692 0.39147777777777776