0 0.4544246153846154 0.36831111111111114 0.09059692307692307 0.3892777777777778
0 0.02785230769230769 0.3443 0.05570461538461538 0.4832666666666667
0 0.1176923076923077 0.8986666666666666 0.15265846153846152 0.20266666666666666
0 0.4544246153846154 0.36831111111111114 0.09059692307692307 0.3892777777777778
0 0.02785230769230769 0.3443 0.05570461538461538 0.4832666666666667
0 0.1176923076923077 0.8986666666666666 0.15265846153846152 0.20266666666666666
0 0.32328 0.36633333333333334 0.07674461538461538 0.4241
0 0.4121476923076923 0.3590666666666667 0.08530461538461538 0.41324444444444447
0 0.21297230769230768 0.36624444444444443 0.07580307692307693 0.45757777777777775
0 0.6338338461538462 0.6162333333333333 0.10322461538461539 0.511411111111111
0 0.7546215384615385 0.6795 0.09828923076923077 0.4808
0 0.15011692307692306 0.33345555555555556 0.07081846153846154 0.4615777777777778