0 0.2184123076923077 0.14762222222222224 0.06762461538461538 0.29488888888888887
0 0.848036923076923 0.16090000000000002 0.07488 0.32180000000000003
0 0.4401969230769231 0.18901111111111113 0.0651323076923077 0.37802222222222226
0 0.7315446153846153 0.8691555555555556 0.10395692307692309 0.2617
0 0.8981230769230769 0.6395777777777778 0.07980923076923077 0.5506222222222222
0 0.5047015384615384 0.7331555555555556 0.10217846153846154 0.5267888888888889
0 0.959716923076923 0.5601111111111111 0.06874461538461538 0.47282222222222225
0 0.3094584615384615 0.49672222222222223 0.10967384615384615 0.3486333333333333
0 0.42177846153846155 0.8040444444444445 0.09862769230769232 0.37693333333333334
0 0.15602461538461537 0.5152555555555556 0.09248 0.4429666666666667
0 0.20180307692307692 0.7073 0.10527384615384615 0.5603666666666667
0 0.3136738461538462 0.7886333333333333 0.10008615384615384 0.3763666666666667
0 0.34296 0.8673000000000001 0.09466461538461539 0.2581555555555556
0 0.6128492307692308 0.8646666666666667 0.10028307692307693 0.27066666666666667
0 0.6470584615384616 0.6310666666666667 0.10470769230769231 0.5812444444444445
0 0.71352 0.5530444444444444 0.07023384615384615 0.4563111111111111