0 0.46368615384615386 0.16593333333333335 0.07103999999999999 0.3318666666666667
0 0.7750769230769231 0.6592888888888889 0.09794461538461538 0.4939111111111111
0 0.6714584615384614 0.5690333333333333 0.1076123076923077 0.5778555555555556
0 0.42602461538461533 0.7748222222222223 0.1057846153846154 0.44574444444444444
0 0.30484307692307694 0.7911111111111111 0.11217846153846153 0.4048777777777778
0 0.9121907692307692 0.6028444444444444 0.08617230769230769 0.5448333333333334
0 0.13220923076923077 0.9008555555555555 0.14693538461538463 0.19165555555555558
0 0.5673415384615385 0.16472222222222221 0.07325538461538462 0.32945555555555556
0 0.6934646153846155 0.1703666666666667 0.052406153846153845 0.31283333333333335
0 0.11086153846153847 0.2000888888888889 0.07845538461538461 0.35485555555555554
0 0.3980984615384615 0.17986666666666667 0.06708923076923076 0.35973333333333335
0 0.7383753846153845 0.5379333333333333 0.08548923076923076 0.47942222222222225