0 0.672 0.7704555555555556 0.11740307692307693 0.4530111111111111
0 0.2560553846153846 0.44443333333333335 0.10834461538461539 0.4712888888888889
0 0.47470153846153845 0.6271333333333333 0.11627076923076923 0.6318777777777779
0 0.5538646153846154 0.5728333333333333 0.10778461538461538 0.5006
0 0.4169907692307692 0.18575555555555556 0.08772923076923077 0.3605555555555556
0 0.7700307692307692 0.7612111111111112 0.11577846153846152 0.4745333333333333
0 0.1710153846153846 0.4416111111111111 0.10352615384615384 0.46694444444444444
0 0.9664492307692307 0.5739666666666667 0.053384615384615385 0.5575888888888889
0 0.672 0.7704555555555556 0.11740307692307693 0.4530111111111111
0 0.2560553846153846 0.44443333333333335 0.10834461538461539 0.4712888888888889
0 0.47470153846153845 0.6271333333333333 0.11627076923076923 0.6318777777777779
0 0.5538646153846154 0.5728333333333333 0.10778461538461538 0.5006
0 0.4169907692307692 0.18575555555555556 0.08772923076923077 0.3605555555555556
0 0.7700307692307692 0.7612111111111112 0.11577846153846152 0.4745333333333333
0 0.1710153846153846 0.4416111111111111 0.10352615384615384 0.46694444444444444
0 0.9664492307692307 0.5739666666666667 0.053384615384615385 0.5575888888888889
0 0.88704 0.5497222222222222 0.10712615384615386 0.598111111111111