0 0.23715692307692307 0.4829888888888889 0.08416615384615385 0.4350222222222222
0 0.3924615384615385 0.45 0.08741538461538462 0.44708888888888887
0 0.5173969230769231 0.4206666666666667 0.0727876923076923 0.47125555555555554
0 0.42088615384615385 0.17883333333333332 0.05980923076923077 0.34959999999999997
0 0.1470523076923077 0.5362666666666667 0.10829538461538461 0.5095999999999999
0 0.03442461538461538 0.6019888888888888 0.06885538461538461 0.4255777777777778
0 0.8863138461538461 0.6349555555555556 0.08012923076923077 0.5582777777777778
0 0.7545230769230769 0.6951999999999999 0.08944 0.5242222222222223
0 0.6209107692307693 0.6364333333333333 0.0874276923076923 0.6091000000000001
0 0.6931569230769231 0.5716333333333333 0.08100307692307691 0.4779111111111111
0 0.8310584615384615 0.5729 0.06427076923076923 0.4507555555555556
0 0.9805969230769231 0.8118555555555556 0.038806153846153844 0.34575555555555554