0 0.2810646153846154 0.2606222222222222 0.08010461538461537 0.36865555555555557
0 0.6725907692307692 0.609688888888889 0.11031384615384615 0.6038666666666667
0 0.90256 0.6479 0.08606769230769232 0.5702666666666667
0 0.45136615384615386 0.1792111111111111 0.07047384615384615 0.3584222222222222
0 0.16219692307692307 0.3079555555555556 0.10056 0.40240000000000004
0 0.7657230769230768 0.6811777777777778 0.09448615384615384 0.5272111111111111
0 0.039347692307692306 0.42378888888888894 0.07332307692307692 0.3970888888888889
0 0.10488615384615385 0.0898111111111111 0.061673846153846155 0.17600000000000002
0 0.2810646153846154 0.2606222222222222 0.08010461538461537 0.36865555555555557
0 0.6725907692307692 0.609688888888889 0.11031384615384615 0.6038666666666667
0 0.90256 0.6479 0.08606769230769232 0.5702666666666667
0 0.45136615384615386 0.1792111111111111 0.07047384615384615 0.3584222222222222
0 0.16219692307692307 0.3079555555555556 0.10056 0.40240000000000004
0 0.7657230769230768 0.6811777777777778 0.09448615384615384 0.5272111111111111
0 0.039347692307692306 0.42378888888888894 0.07332307692307692 0.3970888888888889
0 0.3818523076923077 0.19275555555555554 0.06413538461538461 0.3801888888888889
0 0.2810646153846154 0.2606222222222222 0.08010461538461537 0.36865555555555557
0 0.6725907692307692 0.609688888888889 0.11031384615384615 0.6038666666666667
0 0.90256 0.6479 0.08606769230769232 0.5702666666666667
0 0.45136615384615386 0.1792111111111111 0.07047384615384615 0.3584222222222222
0 0.16219692307692307 0.3079555555555556 0.10056 0.40240000000000004
0 0.7657230769230768 0.6811777777777778 0.09448615384615384 0.5272111111111111
0 0.039347692307692306 0.42378888888888894 0.07332307692307692 0.3970888888888889