0 0.1184923076923077 0.5191555555555556 0.09251692307692308 0.4459111111111111
0 0.7548430769230768 0.6637111111111111 0.09942153846153846 0.5124555555555556
0 0.25803692307692305 0.4768222222222222 0.07811692307692307 0.47326666666666667
0 0.6506584615384615 0.7849666666666667 0.10352615384615384 0.4300777777777778
0 0.22491692307692307 0.5806 0.06681846153846153 0.29488888888888887
0 0.43099076923076923 0.17597777777777776 0.06375384615384615 0.3519555555555555
0 0.5696307692307692 0.22065555555555555 0.07538461538461538 0.4076666666666666
0 0.7933476923076923 0.17634444444444444 0.07090461538461539 0.3399555555555555
0 0.9027938461538462 0.8157777777777778 0.14847384615384615 0.36844444444444446
0 0.8881476923076923 0.5641555555555555 0.08718769230769231 0.4340888888888889
0 0.6852123076923077 0.5543777777777777 0.11700307692307692 0.45008888888888887
0 0.6148184615384615 0.5386 0.10422153846153848 0.4674111111111111
0 0.3596984615384615 0.19653333333333334 0.06906461538461539 0.38330000000000003
0 0.49175384615384615 0.23209999999999997 0.06485538461538462 0.4010888888888889