0 0.5737723076923077 0.6856555555555556 0.09431384615384615 0.6144666666666666
0 0.3277230769230769 0.8970888888888889 0.12798153846153845 0.2058111111111111
0 0.07876923076923077 0.32058888888888887 0.09478153846153847 0.4597888888888889
0 0.4445476923076923 0.2564888888888889 0.07527384615384615 0.3949777777777778
0 0.7215753846153846 0.7330777777777777 0.08422769230769231 0.5171888888888889
0 0.80672 0.6880222222222222 0.07514461538461538 0.5611222222222222
0 0.4978892307692308 0.2433888888888889 0.07591384615384615 0.3776777777777778
0 0.39087999999999995 0.21145555555555556 0.07498461538461539 0.39712222222222227
0 0.9830276923076924 0.8870222222222223 0.033944615384615386 0.22595555555555558
0 0.6464615384615384 0.6683666666666667 0.09092307692307693 0.5016
0 0.9471261538461538 0.7062777777777778 0.09259076923076924 0.5458333333333333
0 0.31990153846153846 0.22612222222222222 0.07464615384615385 0.4243333333333333
0 0.8905476923076924 0.8512888888888889 0.07424615384615385 0.2974111111111111
0 0.2712184615384616 0.18786666666666668 0.06686153846153846 0.37574444444444444