0 0.7593969230769231 0.6606777777777778 0.08836307692307692 0.5112222222222222
0 0.23272 0.7273888888888889 0.10384 0.5452333333333333
0 0.6454092307692307 0.637411111111111 0.09302153846153846 0.5745555555555556
0 0.43840615384615383 0.1718 0.06282461538461538 0.3397666666666667
0 0.051304615384615386 0.8324111111111111 0.10260307692307692 0.3351777777777778
0 0.8964430769230769 0.6030000000000001 0.07579692307692308 0.5330555555555555
0 0.48798769230769234 0.11196666666666666 0.05134769230769231 0.22072222222222224
0 0.48123076923076924 0.7374333333333334 0.12404923076923077 0.5175333333333333
0 0.9401415384615385 0.862588888888889 0.09713846153846153 0.27244444444444443
0 0.36905846153846156 0.1964 0.06635692307692308 0.37171111111111116
0 0.5556923076923077 0.10581111111111112 0.05411076923076923 0.21163333333333334
0 0.055846153846153844 0.1568 0.07506461538461538 0.29844444444444446
0 0.1965907692307692 0.07167777777777778 0.04976615384615385 0.14336666666666667
0 0.35539076923076923 0.7957777777777778 0.11705846153846154 0.40844444444444444
0 0.26334153846153846 0.38856666666666667 0.0904923076923077 0.30512222222222224
0 0.1325169230769231 0.49192222222222226 0.09223999999999999 0.4540666666666667
0 0.05190769230769231 0.6172666666666666 0.10382153846153847 0.29585555555555554