0 0.8959569230769231 0.6115666666666666 0.08131692307692306 0.5551222222222222
0 0.7504123076923077 0.6698999999999999 0.09535384615384615 0.5174000000000001
0 0.16787076923076924 0.8979555555555555 0.13157538461538462 0.19647777777777778
0 0.7047692307692308 0.14435555555555554 0.06617846153846155 0.28826666666666667
0 0.8959569230769231 0.6115666666666666 0.08131692307692306 0.5551222222222222
0 0.7504123076923077 0.6698999999999999 0.09535384615384615 0.5174000000000001
0 0.16787076923076924 0.8979555555555555 0.13157538461538462 0.19647777777777778
0 0.7047692307692308 0.14435555555555554 0.06617846153846155 0.28826666666666667
0 0.6557784615384616 0.8110444444444445 0.08393230769230768 0.37791111111111114
0 0.8959569230769231 0.6115666666666666 0.08131692307692306 0.5551222222222222
0 0.7504123076923077 0.6698999999999999 0.09535384615384615 0.5174000000000001
0 0.16787076923076924 0.8979555555555555 0.13157538461538462 0.19647777777777778
0 0.7047692307692308 0.14435555555555554 0.06617846153846155 0.28826666666666667
0 0.40557538461538456 0.7762 0.1012923076923077 0.44504444444444446
0 0.8959569230769231 0.6115666666666666 0.08131692307692306 0.5551222222222222
0 0.7504123076923077 0.6698999999999999 0.09535384615384615 0.5174000000000001
0 0.7047692307692308 0.14435555555555554 0.06617846153846155 0.28826666666666667
0 0.2856923076923077 0.5368222222222222 0.09089230769230769 0.4745333333333333
0 0.15697846153846154 0.4834777777777778 0.09634461538461539 0.4425111111111111
0 0.3040246153846154 0.8944111111111112 0.11524923076923077 0.2074888888888889