0;0;0;22;0;235.305018;{};[];[]
0;0;0;23;0;184.9695;{};[];[]
0;0;0;16;0;202.255265;{};[];[]
0;0;0;14;0;182.031216;{};[];[]
0;0;0;17;0;205.898318;{};[];[]
0;0;0;33;0;248.020258;{};[];[]
0;0;0;33;0;119.678904;{};[];[]
0;0;0;38;0;245.682073;{};[];[]
0;0;0;20;0;218.767931;{};[];[]
0;0;0;20;0;110.811776;{};[];[]
0;0;0;26;0;220.167037;{};[];[]
0;0;0;31;0;230.297718;{};[];[]
0.95;19;1;0;0;169.539341;{'time': '05:12pm'};[];[]
0;0;0;13;0;186.454008;{};[];[]
0;0;0;28;0;219.392754;{};[];[]
0;0;0;29;0;233.113178;{};[];[]
0;0;0;24;0;214.777348;{};[];[]
0;0;0;17;0;195.940663;{};[];[]
0;0;0;11;0;180.078711;{};[];[]
0;0;0;37;0;138.760996;{};[];[]
0.76;19;2;1;1;260.512076;{'order_number': 80110, 'total': 47.02};['table'];['rice']
0;0;0;21;0;210.347214;{};[];[]
0;0;0;14;0;192.055204;{};[];[]
0;0;0;20;0;206.712822;{};[];[]
0;0;0;18;0;165.78264;{};[];[]
0;0;0;18;0;200.011773;{};[];[]
0;0;0;12;0;266.910561;{};[];[]
0;0;0;29;0;258.830096;{};[];[]
0;0;0;36;0;152.138953;{};[];[]
0;0;0;37;0;248.15881;{};[];[]
0.2903225806451613;9;3;1;6;129.269383;{'order_number': 7, 'date': '8/6/2018', 'time': '16:44:05'};['table'];['Coffee', 'Glass House Wine', 'Jumbo Coctail Shrimp', 'Escargot Bourguigonne', 'Veal Zingaria', 'Duckling ala Arancio']
0;0;0;25;0;222.934071;{};[];[]
0;0;0;20;0;212.598438;{};[];[]
0;0;0;21;0;221.425141;{};[];[]
0;0;0;17;0;99.517961;{};[];[]
0;0;0;34;0;207.942325;{};[];[]
0.8571428571428571;18;3;0;0;204.792307;{'order_number': '#Party 3', 'table': 'table 72', 'time': '12:45'};[];[]
0.75;12;1;0;1;224.330284;{'date': '3/16/2013'};[];['PARTY PK 18-22']
0;0;0;8;0;184.307359;{};[];[]
0;0;0;15;0;211.838461;{};[];[]
0;0;0;25;0;223.686652;{};[];[]
0;0;0;17;0;105.865379;{};[];[]
0;0;0;26;0;220.159005;{};[];[]
0;0;0;16;0;245.59401;{};[];[]
0;0;0;13;0;85.363561;{};[];[]
0;0;0;19;0;134.324678;{};[];[]
0;0;0;22;0;203.683451;{};[];[]
0;0;0;21;0;210.799302;{};[];[]
0;0;0;26;0;225.097374;{};[];[]
0.967741935483871;30;1;0;0;232.909284;{'company': 'kickin kajun kapolei'};[];[]
0;0;0;26;0;281.475396;{};[];[]
0.5;7;1;3;1;185.497383;{'company': "general poor's tavern"};['sub_total', 'tax', 'total'];['BONELESS WINGS SPEC']
0.6363636363636364;21;6;0;2;142.081934;{'company': "nancy's restaurant", 'phone_number': '516.343.4616', 'server': "jeremy's station", 'price': 21.95, 'date': '2016-09-24', 'time': '22:22'};[];['gl Imp White', 'Mozzarella&Tomato']
0;0;0;15;0;111.661844;{};[];[]
0;0;0;29;0;209.852172;{};[];[]
0;0;0;24;0;263.867231;{};[];[]
0;0;0;45;0;282.326326;{};[];[]
0;0;0;17;0;198.208692;{};[];[]
0;0;0;26;0;219.58977;{};[];[]
0;0;0;14;0;187.575234;{};[];[]
0;0;0;22;0;205.817571;{};[];[]
0;0;0;17;0;168.131416;{};[];[]
0.4864864864864865;18;9;1;3;152.394586;{'server': 'jessica', 'order_number': None, 'table': '39', 'amount': 1, 'price': 3.75, 'date': '4/3/17', 'time': '8:19 pm'};['guests'];['VONG RIPIENE', 'Chicken Parm', '1/2 PASTA SP']
0;0;0;15;0;110.941849;{};[];[]
0;0;0;29;0;221.200097;{};[];[]
0;0;0;20;0;202.931169;{};[];[]
0;0;0;26;0;283.956506;{};[];[]
0;0;0;21;0;217.311743;{};[];[]
0.2857142857142857;6;5;1;3;103.047496;{'company': 'café eugene', 'phone_number': '510-526-9599', 'price': 17.0, 'date': '2016-04-10', 'time': '09:08 am'};['table'];['Pork', 'Side Bacon', 'Regular']
0.625;10;1;5;0;197.680066;{'order_number': '#7'};['price', 'price', 'sub_total', 'tax', 'total'];[]
0.5625;9;3;1;1;174.747704;{'order_number': 32, 'date': '2019-06-28', 'time': '14:16:34'};['table'];['Ribeye Steak Lunch 10']
0;0;0;29;0;201.891041;{};[];[]
0;0;0;20;0;191.088228;{};[];[]
0;0;0;19;0;106.47714;{};[];[]
0.8823529411764706;15;2;0;0;203.396157;{'phone_number': '9565446600', 'time': '03:22 pm'};[];[]
0;0;0;17;0;209.585809;{};[];[]
0;0;0;12;0;205.836472;{};[];[]
0;0;0;28;0;247.899983;{};[];[]
0;0;0;11;0;205.762456;{};[];[]
0;0;0;33;0;247.968616;{};[];[]
0;0;0;26;0;236.011628;{};[];[]
0;0;0;22;0;174.935775;{};[];[]
0;0;0;13;0;194.810952;{};[];[]
0;0;0;23;0;242.868568;{};[];[]
0;0;0;30;0;239.011051;{};[];[]
0.6666666666666666;12;3;0;1;192.453669;{'company': 'pita pita', 'amount': 1, 'price': 6.5};[];['Miscelanceous']
0;0;0;39;0;238.747275;{};[];[]
0;0;0;17;0;93.372439;{};[];[]
0;0;0;36;0;244.256;{};[];[]
0.7575757575757576;25;0;5;1;286.750628;{};['table', 'amount', 'amount', 'amount', 'amount'];['NY Stip 8oz']
0;0;0;25;0;291.678993;{};[];[]
0;0;0;27;0;217.79368;{};[];[]
0;0;0;24;0;211.115242;{};[];[]
0;0;0;16;0;258.13913;{};[];[]
0;0;0;12;0;185.373012;{};[];[]
0;0;0;12;0;200.257601;{};[];[]
0;0;0;19;0;203.174241;{};[];[]
1.0;17;0;0;0;169.682483;{};[];[]
0.8260869565217391;19;4;0;0;217.593161;{'table': '2', 'price': 28.0, 'date': 'Mar 18, 2018', 'time': '10:54 am'};[];[]
0;0;0;27;0;230.667962;{};[];[]
0;0;0;44;0;277.475991;{};[];[]
0;0;0;32;0;230.955373;{};[];[]
0;0;0;25;0;208.62108;{};[];[]
